0 0 0.00114725 -8.84091e-21 0
3.52024 0.000731083 0.000413451 6.12495e-08 0.000508996
0.127087 -0.000499139 0.000198532 -4.3795e-09 0.00147941
0.0168286 -0.000298755 0.000110875 -9.29418e-09 0.00342023
0.0066847 -0.000135161 0.000109891 -5.57724e-10 0.00700329
0.000942617 0.000135652 0.000109227 -2.66167e-08 0.0123779
-0.00236183 0.000132414 0.000108699 -1.92192e-08 0.0186482
-0.00350244 -6.98202e-05 0.000107645 -3.79437e-08 0.0264862
-0.00331768 0.000102124 0.000106775 -1.76661e-08 0.0343241
-0.00145513 7.7145e-05 0.000106283 -4.88173e-09 0.0421621
0.000925716 3.21872e-05 0.00010627 2.96216e-09 0.05
0.00213673 -0.000163672 0.000106463 -6.20402e-08 0.0625
0.00087203 0.000157672 0.000106294 -1.76253e-08 0.075
0.000745882 -5.79385e-06 0.000106118 -3.1336e-08 0.0875
0.000723799 -7.6594e-05 0.000105933 -6.00731e-08 0.1
0.000333583 5.3345e-05 0.000105473 -6.39054e-08 0.116667
0.000196748 4.30033e-06 0.000105002 -6.5585e-08 0.133333
0.000288533 -1.41696e-05 0.000104576 -7.31505e-08 0.15
0.000457557 -4.95364e-06 0.000104237 -8.05426e-08 0.166667
0.00061424 8.5623e-06 0.000103975 -8.6897e-08 0.183333
0.000705881 9.31728e-06 0.000103751 -9.22673e-08 0.2
0.000684067 9.20639e-06 0.000103514 -9.29972e-08 0.216667
0.00058435 2.04913e-05 0.000103239 -8.70106e-08 0.233333
0.000491115 1.3886e-05 0.000102931 -8.50175e-08 0.25
0.000453456 1.57212e-05 0.000102619 -8.3898e-08 0.266667
0.000468264 1.30732e-05 0.000102323 -8.37955e-08 0.283333
0.000493605 2.02243e-05 0.000102048 -8.2738e-08 0.3
0.000530199 2.48774e-05 0.0001018 -8.12801e-08 0.316667
0.000561732 1.57524e-05 0.000101576 -8.56946e-08 0.333333
0.000588837 2.5774e-05 0.000101347 -9.63397e-08 0.35
0.000601503 1.9774e-05 0.000101118 -9.32807e-08 0.366667
0.000602236 1.92844e-05 0.000100901 -9.15717e-08 0.383333
0.000597545 2.36223e-05 0.000100688 -8.85999e-08 0.4
0.000640915 3.96058e-05 0.000100368 -8.57175e-08 0.425
0.00067964 3.65527e-06 0.000100068 -8.16043e-08 0.45
0.000737981 1.00226e-05 9.97653e-05 -4.81844e-08 0.475
0.000779943 2.35827e-05 9.95178e-05 -2.50917e-08 0.5
0.000789781 2.34007e-05 9.9306e-05 -1.07398e-08 0.525
0.000785374 2.33035e-05 9.90902e-05 -3.51199e-09 0.55
0.000785853 2.67242e-05 9.8855e-05 -4.48729e-09 0.575
0.000797422 2.39131e-05 9.85939e-05 -2.19866e-08 0.6
0.000806684 2.23414e-05 9.83296e-05 -2.88089e-08 0.625
0.000806911 2.78327e-05 9.80709e-05 -2.44251e-08 0.65
0.000807206 1.90287e-05 9.78208e-05 -2.53379e-08 0.675
0.000812346 2.55233e-05 9.75827e-05 -2.40553e-08 0.7
0.000818507 2.32393e-05 9.73511e-05 -2.35783e-08 0.725
0.000822755 2.20152e-05 9.7125e-05 -2.69786e-08 0.75
0.000827732 2.52428e-05 9.69059e-05 -3.04064e-08 0.775
0.000832822 2.20871e-05 9.6693e-05 -3.58622e-08 0.8
0.000837778 2.02074e-05 9.64891e-05 -4.30148e-08 0.825
0.000839687 2.24611e-05 9.62902e-05 -4.7106e-08 0.85
0.000841124 2.20674e-05 9.60975e-05 -5.18576e-08 0.875
0.000841359 2.18141e-05 9.59093e-05 -5.69146e-08 0.9
0.00084331 2.41053e-05 9.57271e-05 -5.95103e-08 0.925
0.000844489 2.2172e-05 9.55518e-05 -6.41258e-08 0.95
0.000845201 2.07997e-05 9.53814e-05 -7.04633e-08 0.975
0.000844766 2.15713e-05 9.52149e-05 -7.5407e-08 1
0.000843195 2.17032e-05 9.50522e-05 -8.06165e-08 1.025
0.000846509 2.65338e-05 9.48959e-05 -8.2452e-08 1.05
0.000851642 2.01736e-05 9.47468e-05 -8.93286e-08 1.075
0.000847062 2.27061e-05 9.45974e-05 -9.43273e-08 1.1
0.000845341 2.11242e-05 9.44508e-05 -1.00029e-07 1.125
0.000847721 2.37959e-05 9.43097e-05 -1.04354e-07 1.15
0.000847944 2.80994e-05 9.41707e-05 -1.05312e-07 1.175
0.000846129 2.5029e-05 9.40332e-05 -1.08713e-07 1.2
0.000848303 2.26606e-05 9.39011e-05 -1.14732e-07 1.225
0.000848117 2.31397e-05 9.37705e-05 -1.19579e-07 1.25
0.000847327 2.80535e-05 9.36424e-05 -1.21555e-07 1.275
0.000847067 2.85824e-05 9.35163e-05 -1.23447e-07 1.3
0.000845525 2.82775e-05 9.33915e-05 -1.25971e-07 1.325
0.000844255 3.24054e-05 9.32683e-05 -1.26262e-07 1.35
0.000844136 2.84719e-05 9.31468e-05 -1.29256e-07 1.375
0.000844823 3.22305e-05 9.30284e-05 -1.29971e-07 1.4
0.000845833 3.2021e-05 9.29125e-05 -1.31227e-07 1.425
0.000847352 3.36918e-05 9.27997e-05 -1.32172e-07 1.45
0.000847218 3.21561e-05 9.26877e-05 -1.33083e-07 1.475
0.000844917 3.17551e-05 9.25756e-05 -1.33641e-07 1.5
0.000841769 3.40818e-05 9.2463e-05 -1.35222e-07 1.525
0.000840012 3.55075e-05 9.23509e-05 -1.36027e-07 1.55
0.000840694 3.15763e-05 9.22417e-05 -1.32011e-07 1.575
0.000841425 2.97739e-05 9.21343e-05 -1.31251e-07 1.6
0.000842085 3.52855e-05 9.20306e-05 -1.29152e-07 1.625
0.000843371 4.19048e-05 9.19289e-05 -1.24561e-07 1.65
0.000844673 4.26856e-05 9.18295e-05 -1.21356e-07 1.675
0.000843894 4.07507e-05 9.1731e-05 -1.20101e-07 1.7
0.000841704 4.18249e-05 9.16322e-05 -1.18817e-07 1.725
0.000839965 4.42729e-05 9.15337e-05 -1.1681e-07 1.75
0.000838787 4.51466e-05 9.14366e-05 -1.15504e-07 1.775
0.00083705 4.69889e-05 9.13391e-05 -1.13638e-07 1.8
0.000837732 5.0603e-05 9.12434e-05 -1.10204e-07 1.825
0.000838368 4.79893e-05 9.11503e-05 -1.09818e-07 1.85
0.000838249 4.9e-05 9.10578e-05 -1.09329e-07 1.875
0.000838288 4.9911e-05 9.09669e-05 -1.08585e-07 1.9
0.000838748 5.0489e-05 9.08784e-05 -1.08806e-07 1.925
0.000838702 5.39631e-05 9.07907e-05 -1.0793e-07 1.95
0.000837209 5.45893e-05 9.07026e-05 -1.06759e-07 1.975
0.000836002 5.26529e-05 9.06149e-05 -1.07537e-07 2
0.000835187 5.68106e-05 9.05285e-05 -1.06464e-07 2.025
0.00083068 5.97843e-05 9.04395e-05 -1.04663e-07 2.05
0.000832117 6.5781e-05 9.03551e-05 -1.02101e-07 2.075
0.000832982 5.67864e-05 9.02714e-05 -1.0543e-07 2.1
0.000835137 5.32289e-05 9.01904e-05 -1.1104e-07 2.125
0.000836285 6.6463e-05 9.0112e-05 -1.0744e-07 2.15
0.000835716 6.96384e-05 9.00346e-05 -1.04357e-07 2.175
0.000836536 6.68337e-05 8.99588e-05 -1.03815e-07 2.2
0.000836153 6.68731e-05 8.98831e-05 -1.03827e-07 2.225
0.00083533 6.59146e-05 8.98073e-05 -1.05047e-07 2.25
0.000833148 7.09499e-05 8.97323e-05 -1.03817e-07 2.275
0.000834427 7.34877e-05 8.96589e-05 -1.01742e-07 2.3
0.000833509 7.29321e-05 8.95856e-05 -1.01682e-07 2.325
0.000832664 7.50031e-05 8.95135e-05 -1.00974e-07 2.35
0.000836219 7.72683e-05 8.94444e-05 -9.98009e-08 2.375
0.000838135 7.71808e-05 8.93775e-05 -9.96252e-08 2.4
0.000839285 7.67446e-05 8.9312e-05 -1.00826e-07 2.425
0.000838833 7.84676e-05 8.92465e-05 -1.01677e-07 2.45
0.00083588 8.18963e-05 8.91792e-05 -1.01251e-07 2.475
0.000833216 8.19415e-05 8.91111e-05 -1.02173e-07 2.5
0.000831988 8.00683e-05 8.90432e-05 -1.05388e-07 2.525
0.000833267 8.3289e-05 8.8977e-05 -1.07196e-07 2.55
0.000834185 8.39362e-05 8.89121e-05 -1.09747e-07 2.575
0.000835341 8.49868e-05 8.88494e-05 -1.12426e-07 2.6
0.000836838 8.52768e-05 8.87887e-05 -1.15874e-07 2.625
0.00083457 8.9758e-05 8.87263e-05 -1.16915e-07 2.65
0.000834316 8.78259e-05 8.86659e-05 -1.20529e-07 2.675
0.000835315 9.41113e-05 8.86072e-05 -1.20716e-07 2.7
0.000838067 9.3596e-05 8.85513e-05 -1.21763e-07 2.725
0.000838533 9.15973e-05 8.84964e-05 -1.25122e-07 2.75
0.000839503 9.51693e-05 8.84432e-05 -1.26692e-07 2.775
0.000839557 9.49474e-05 8.83901e-05 -1.29613e-07 2.8
0.000840016 9.78927e-05 8.83386e-05 -1.31278e-07 2.825
0.000838032 9.86477e-05 8.8286e-05 -1.33833e-07 2.85
0.000838047 9.77549e-05 8.82344e-05 -1.38171e-07 2.875
0.000842315 0.000100666 8.81862e-05 -1.41289e-07 2.9
0.000843609 0.00010801 8.81387e-05 -1.40221e-07 2.925
0.000844754 0.00010806 8.80928e-05 -1.40829e-07 2.95
0.000845634 0.000107401 8.80472e-05 -1.42683e-07 2.975
0.000846722 0.000109814 8.80028e-05 -1.44115e-07 3
0.00084666 0.000113734 8.79583e-05 -1.44069e-07 3.025
0.000843321 0.000117321 8.79114e-05 -1.42906e-07 3.05
0.000841709 0.000112832 8.78631e-05 -1.46408e-07 3.075
0.000841615 0.000112602 8.78146e-05 -1.50965e-07 3.1
0.000839651 0.000119865 8.77642e-05 -1.5145e-07 3.125
0.000836964 0.000121698 8.77114e-05 -1.52157e-07 3.15
0.000837706 0.000125353 8.766e-05 -1.51435e-07 3.175
0.000840788 0.000124421 8.76082e-05 -1.51942e-07 3.2
0.00084322 0.000126366 8.7559e-05 -1.52308e-07 3.225
0.000844367 0.00012702 8.75105e-05 -1.53734e-07 3.25
0.000844251 0.000130182 8.74615e-05 -1.53762e-07 3.275
0.000844888 0.000130553 8.74127e-05 -1.54812e-07 3.3
0.000842351 0.000134472 8.73615e-05 -1.54088e-07 3.325
0.000843099 0.000139783 8.73114e-05 -1.50524e-07 3.35
0.000846144 0.000137611 8.72631e-05 -1.49919e-07 3.375
0.000846749 0.000137955 8.72143e-05 -1.49918e-07 3.4
0.000846322 0.000138283 8.71644e-05 -1.50695e-07 3.425
0.000843723 0.000142881 8.71132e-05 -1.49315e-07 3.45
0.000843725 0.000145157 8.70622e-05 -1.47594e-07 3.475
0.000846481 0.000147458 8.70132e-05 -1.45212e-07 3.5
0.000847766 0.000146477 8.69648e-05 -1.44684e-07 3.525
0.000848352 0.000146993 8.69167e-05 -1.44655e-07 3.55
0.000848794 0.000152585 8.68695e-05 -1.41573e-07 3.575
0.000851445 0.00015437 8.68242e-05 -1.38417e-07 3.6
0.000851832 0.000155882 8.67792e-05 -1.35188e-07 3.625
0.000857472 0.000155053 8.67389e-05 -1.33698e-07 3.65
0.000859606 0.000159311 8.66999e-05 -1.2994e-07 3.675
0.000862101 0.000162432 8.6663e-05 -1.25266e-07 3.7
0.000862993 0.000161087 8.66266e-05 -1.22785e-07 3.725
0.0008624 0.00016217 8.65902e-05 -1.20435e-07 3.75
0.000859292 0.000161781 8.65515e-05 -1.19301e-07 3.775
0.000852007 0.000166107 8.65076e-05 -1.15831e-07 3.8
0.000843528 0.000163699 8.6458e-05 -1.15422e-07 3.825
0.000832205 0.000162646 8.64002e-05 -1.16255e-07 3.85
0.000823652 0.000162259 8.63368e-05 -1.18041e-07 3.875
0.000816552 0.000162974 8.62682e-05 -1.19964e-07 3.9
0.000809055 0.000167896 8.61946e-05 -1.18953e-07 3.925
0.000805427 0.000165702 8.61194e-05 -1.20584e-07 3.95
0.000809 0.000165854 8.60475e-05 -1.22515e-07 3.975
0.000816217 0.000168357 8.59808e-05 -1.23205e-07 4
0.000820656 0.000172605 8.59164e-05 -1.21316e-07 4.025
0.000824997 0.000171044 8.58575e-05 -1.22092e-07 4.05
0.000827299 0.000171575 8.57998e-05 -1.2239e-07 4.075
0.000829461 0.000176866 8.57436e-05 -1.1981e-07 4.1
0.000836457 0.000178948 8.56931e-05 -1.16804e-07 4.125
0.000842775 0.000181585 8.56484e-05 -1.11829e-07 4.15
0.000851428 0.000184509 8.561e-05 -1.05817e-07 4.175
0.000862652 0.000187509 8.55794e-05 -9.86628e-08 4.2
0.000876529 0.000190772 8.55592e-05 -9.08222e-08 4.225
0.000889432 0.000194548 8.5548e-05 -8.13786e-08 4.25
0.000899856 0.000197234 8.55439e-05 -7.1322e-08 4.275
0.000909872 0.000199305 8.55469e-05 -6.0913e-08 4.3
0.000912869 0.000199385 8.55514e-05 -5.17292e-08 4.325
0.000917282 0.000201738 8.5559e-05 -4.1847e-08 4.35
0.000920907 0.000205688 8.55691e-05 -3.01567e-08 4.375
0.000921928 0.000206132 8.55797e-05 -1.93636e-08 4.4
0.000925348 0.000206876 8.55931e-05 -9.0406e-09 4.425
0.000930568 0.000206942 8.56098e-05 7.42334e-10 4.45
0.000934348 0.000207735 8.56286e-05 1.03903e-08 4.475
0.000940612 0.00020625 8.56519e-05 1.81822e-08 4.5
0.000944977 0.000211242 8.56782e-05 2.9534e-08 4.525
0.00095189 0.000226821 8.57088e-05 5.15473e-08 4.55
0.000955417 0.000214203 8.57421e-05 6.26199e-08 4.575
0.00095874 0.000203752 8.57775e-05 6.64571e-08 4.6
0.000959848 0.000224638 8.58119e-05 8.68663e-08 4.625
0.00095826 0.000212356 8.58447e-05 9.60097e-08 4.65
0.000953471 0.000208995 8.58745e-05 1.03435e-07 4.675
0.000950779 0.000210503 8.59022e-05 1.1235e-07 4.7
0.000950283 0.000214614 8.59268e-05 1.24423e-07 4.725
0.00094452 0.000213482 8.59465e-05 1.35162e-07 4.75
0.000932507 0.000207949 8.59568e-05 1.42262e-07 4.775
0.000917515 0.0002044 8.59538e-05 1.46828e-07 4.8
0.000900905 0.000202586 8.59382e-05 1.50776e-07 4.825
0.000885981 0.00020096 8.59112e-05 1.54372e-07 4.85
0.000872192 0.000199465 8.58736e-05 1.57611e-07 4.875
0.000861778 0.000193444 8.58282e-05 1.58158e-07 4.9
0.00084896 0.000191199 8.57717e-05 1.58436e-07 4.925
0.000837378 0.000184586 8.57065e-05 1.55359e-07 4.95
0.000830937 0.000182037 8.56359e-05 1.51849e-07 4.975
0.000826257 0.000181404 8.55632e-05 1.48075e-07 5
0.000821631 0.000181684 8.54861e-05 1.45199e-07 5.025
0.000819008 0.000180141 8.54066e-05 1.42081e-07 5.05
0.000817594 0.000178054 8.53252e-05 1.3859e-07 5.075
0.000814302 0.000178115 8.52415e-05 1.35867e-07 5.1
0.000813733 0.000177477 8.51574e-05 1.3364e-07 5.125
0.000814808 0.000174346 8.50735e-05 1.2989e-07 5.15
0.00081757 0.000172992 8.49933e-05 1.27075e-07 5.175
0.000818846 0.00017357 8.49132e-05 1.25423e-07 5.2
0.000819993 0.000169691 8.48344e-05 1.21488e-07 5.225
0.000823022 0.000172544 8.47578e-05 1.20712e-07 5.25
0.000828622 0.0001716 8.46855e-05 1.19602e-07 5.275
0.000834149 0.000174409 8.46171e-05 1.2141e-07 5.3
0.000840674 0.000172351 8.45537e-05 1.2201e-07 5.325
0.000847652 0.000169995 8.44957e-05 1.21575e-07 5.35
0.000854258 0.000169735 8.4444e-05 1.21954e-07 5.375
0.000861669 0.00017363 8.43982e-05 1.25716e-07 5.4
0.000871908 0.000175081 8.43604e-05 1.30454e-07 5.425
0.000882031 0.000169022 8.43296e-05 1.29671e-07 5.45
0.000891649 0.000169369 8.43046e-05 1.28944e-07 5.475
0.000896276 0.000179655 8.42829e-05 1.35817e-07 5.5
0.000900646 0.000179052 8.42646e-05 1.41607e-07 5.525
0.00090799 0.000177384 8.42515e-05 1.44969e-07 5.55
0.000913596 0.000176798 8.42418e-05 1.4804e-07 5.575
0.000917749 0.000178233 8.42347e-05 1.5232e-07 5.6
0.000918369 0.000178293 8.42277e-05 1.5666e-07 5.625
0.000916436 0.000176146 8.42129e-05 1.58457e-07 5.65
0.000911232 0.000173503 8.41945e-05 1.58984e-07 5.675
0.000904686 0.000175198 8.41717e-05 1.61298e-07 5.7
0.000899484 0.000173526 8.41461e-05 1.63057e-07 5.725
0.000896803 0.000172227 8.4119e-05 1.64419e-07 5.75
0.000894931 0.000169592 8.40906e-05 1.64308e-07 5.775
0.000892027 0.000166946 8.4058e-05 1.63842e-07 5.8
0.000887001 0.000163836 8.40221e-05 1.61642e-07 5.825
0.000880196 0.000161469 8.39817e-05 1.58581e-07 5.85
0.000875027 0.000160927 8.3938e-05 1.55744e-07 5.875
0.00086982 0.000156827 8.38903e-05 1.50632e-07 5.9
0.000865822 0.000155639 8.38399e-05 1.45472e-07 5.925
0.000861629 0.000152977 8.37865e-05 1.39191e-07 5.95
0.000860356 0.000154065 8.37328e-05 1.34815e-07 5.975
0.000862571 0.00015369 8.36807e-05 1.30972e-07 6
0.000866244 0.000153739 8.3634e-05 1.26892e-07 6.025
0.000872771 0.000154134 8.35916e-05 1.23626e-07 6.05
0.000876995 0.00015243 8.35521e-05 1.20383e-07 6.075
0.00088319 0.000149654 8.35105e-05 1.16971e-07 6.1
0.000883126 0.000148197 8.34723e-05 1.13054e-07 6.125
0.000881613 0.000153697 8.34332e-05 1.13976e-07 6.15
0.000882993 0.000148799 8.33964e-05 1.11086e-07 6.175
0.000886129 0.000143443 8.3362e-05 1.05392e-07 6.2
0.000890622 0.000145521 8.33313e-05 1.02056e-07 6.225
0.000895824 0.000147551 8.33048e-05 1.00297e-07 6.25
0.000899517 0.000148452 8.3281e-05 9.93731e-08 6.275
0.000901643 0.000145554 8.32588e-05 9.69154e-08 6.3
0.000902431 0.000143602 8.32369e-05 9.36812e-08 6.325
0.000902275 0.000143204 8.3215e-05 9.08935e-08 6.35
0.000901688 0.000142428 8.31923e-05 8.79359e-08 6.375
0.000899831 0.000139467 8.3168e-05 8.37402e-08 6.4
0.000897164 0.000139821 8.31409e-05 8.06469e-08 6.425
0.000892843 0.000136048 8.31052e-05 7.46149e-08 6.45
0.00088255 0.000129583 8.30713e-05 7.00751e-08 6.475
0.000874197 0.000128731 8.30311e-05 7.1872e-08 6.5
0.000866075 0.000132214 8.29858e-05 8.0762e-08 6.525
0.000858161 0.000124531 8.29429e-05 8.65507e-08 6.55
0.000854624 0.000117685 8.28894e-05 8.67682e-08 6.575
0.000850689 0.000114383 8.28339e-05 8.24239e-08 6.6
0.000843853 0.000110152 8.27756e-05 7.50289e-08 6.625
0.000839663 0.000110202 8.2714e-05 6.95012e-08 6.65
0.00083481 0.000106938 8.2643e-05 5.93792e-08 6.675
0.000829478 0.000110092 8.25752e-05 5.90358e-08 6.7
0.000823237 0.000111063 8.25018e-05 6.43346e-08 6.725
0.000819827 0.00010362 8.24231e-05 6.94055e-08 6.75
0.000812057 9.3634e-05 8.23385e-05 7.06705e-08 6.775
0.000803299 9.8472e-05 8.22481e-05 7.93315e-08 6.8
0.000799784 9.31684e-05 8.21577e-05 8.52234e-08 6.825
0.000796017 9.01538e-05 8.20679e-05 9.08273e-08 6.85
0.00079105 8.39977e-05 8.19789e-05 9.68467e-08 6.875
0.000782376 8.28706e-05 8.18843e-05 9.62675e-08 6.9
0.000778258 8.00685e-05 8.17867e-05 8.65453e-08 6.925
0.000779989 7.71548e-05 8.16869e-05 6.75737e-08 6.95
0.00077757 7.6106e-05 8.16034e-05 5.25851e-08 6.975
0.000787129 7.69964e-05 8.15194e-05 4.73448e-08 7
0.000792073 7.37747e-05 8.14391e-05 4.85706e-08 7.025
0.000793986 7.49577e-05 8.13621e-05 5.53505e-08 7.05
0.000802187 7.09967e-05 8.12917e-05 6.1523e-08 7.075
0.000809412 6.98663e-05 8.12238e-05 7.02333e-08 7.1
0.000809078 6.99825e-05 8.11654e-05 7.47928e-08 7.125
0.000810777 6.04673e-05 8.11102e-05 6.66993e-08 7.15
0.000817705 6.31403e-05 8.10616e-05 5.84988e-08 7.175
0.000830064 6.25514e-05 8.10309e-05 5.00538e-08 7.2
0.000839358 6.58973e-05 8.10018e-05 4.77342e-08 7.225
0.000843674 6.25111e-05 8.09824e-05 4.8243e-08 7.25
0.000853182 5.93939e-05 8.09728e-05 5.11809e-08 7.275
0.000861609 6.07956e-05 8.09704e-05 5.20767e-08 7.3
0.000866362 5.81704e-05 8.09684e-05 5.90589e-08 7.325
0.000871277 5.19365e-05 8.09795e-05 6.18828e-08 7.35
0.000881707 5.00803e-05 8.09963e-05 6.06082e-08 7.375
0.000891081 4.80649e-05 8.10221e-05 5.78974e-08 7.4
0.000900163 4.62541e-05 8.10684e-05 5.73621e-08 7.425
0.000911865 4.57587e-05 8.11076e-05 5.73298e-08 7.45
0.000919416 4.34967e-05 8.11531e-05 5.83587e-08 7.475
0.000918308 4.31245e-05 8.12034e-05 5.97353e-08 7.5
0.00091955 4.00936e-05 8.12493e-05 5.77275e-08 7.525
0.000915917 3.94065e-05 8.12959e-05 6.35359e-08 7.55
0.000913314 3.79875e-05 8.13451e-05 6.95096e-08 7.575
0.000913901 3.36976e-05 8.13911e-05 7.63179e-08 7.6
0.000916579 3.36631e-05 8.14353e-05 8.04487e-08 7.625
0.000919674 3.02028e-05 8.14875e-05 8.08826e-08 7.65
0.000923923 3.13297e-05 8.15433e-05 8.51424e-08 7.675
0.000928297 3.23578e-05 8.15956e-05 8.9789e-08 7.7
0.000930453 2.46875e-05 8.16508e-05 8.6906e-08 7.725
0.000927113 3.43943e-05 8.17013e-05 9.0195e-08 7.75
0.00092478 2.38358e-05 8.174e-05 8.4148e-08 7.775
0.000917823 2.29241e-05 8.17869e-05 7.83634e-08 7.8
0.000912077 1.09376e-05 8.18282e-05 6.54985e-08 7.825
0.000909668 3.04587e-05 8.18619e-05 6.83139e-08 7.85
0.000905661 2.30886e-05 8.18909e-05 6.50652e-08 7.875
0.000904587 8.64686e-06 8.19308e-05 5.28734e-08 7.9
0.000906491 1.17063e-05 8.19554e-05 4.41373e-08 7.925
0.000905427 1.08169e-05 8.1981e-05 3.44947e-08 7.95
0.00089853 1.32919e-05 8.2002e-05 2.76025e-08 7.975
0.000889734 1.08071e-05 8.2007e-05 1.97564e-08 8
0.000877133 5.20027e-06 8.20172e-05 8.85302e-09 8.025
0.00086642 7.64825e-06 8.20126e-05 -4.69728e-10 8.05
0.000859174 1.02317e-05 8.19972e-05 -7.3306e-09 8.075
0.000853104 6.54361e-06 8.1974e-05 -1.71036e-08 8.1
0.000847223 -6.13104e-07 8.19489e-05 -3.03212e-08 8.125
0.00084364 1.88548e-07 8.19398e-05 -4.02179e-08 8.15
0.000846214 1.45359e-07 8.19172e-05 -4.99469e-08 8.175
0.000845869 5.60172e-07 8.18927e-05 -5.93008e-08 8.2
0.000839427 -4.67411e-06 8.18649e-05 -7.2179e-08 8.225
0.000829865 4.39679e-06 8.18123e-05 -8.30704e-08 8.25
0.00081699 -2.12094e-06 8.17661e-05 -9.74806e-08 8.275
0.000811038 -5.42148e-06 8.17127e-05 -1.13158e-07 8.3
0.00081016 -5.10159e-06 8.16548e-05 -1.27965e-07 8.325
0.000810325 -8.62441e-06 8.15928e-05 -1.42828e-07 8.35
0.000806602 6.25474e-06 8.15311e-05 -1.48905e-07 8.375
0.000800018 5.20844e-06 8.14702e-05 -1.57191e-07 8.4
0.000796335 -2.88631e-07 8.14174e-05 -1.68671e-07 8.425
0.000798569 7.87772e-06 8.13623e-05 -1.71079e-07 8.45
0.000796615 5.16954e-07 8.13091e-05 -1.74559e-07 8.475
0.000793025 3.96413e-06 8.12519e-05 -1.71305e-07 8.5
0.000785513 5.54098e-06 8.11983e-05 -1.69958e-07 8.525
0.000779921 6.18208e-06 8.11401e-05 -1.73144e-07 8.55
0.000780315 5.6679e-06 8.10796e-05 -1.79369e-07 8.575
0.000776368 1.13767e-05 8.10165e-05 -1.82801e-07 8.6
0.000772108 1.10601e-05 8.09513e-05 -1.87399e-07 8.625
0.000769244 1.3881e-05 8.08877e-05 -1.89374e-07 8.65
0.000772839 1.75109e-05 8.08295e-05 -1.88903e-07 8.675
0.000774649 1.75005e-05 8.0775e-05 -1.89068e-07 8.7
0.000776483 2.07007e-05 8.07297e-05 -1.87098e-07 8.725
0.000781448 2.54165e-05 8.06767e-05 -1.81087e-07 8.75
0.000786157 2.6765e-05 8.06289e-05 -1.70852e-07 8.775
0.000787249 3.02507e-05 8.058e-05 -1.54121e-07 8.8
0.000786683 3.03325e-05 8.05391e-05 -1.40809e-07 8.825
0.000787937 3.24606e-05 8.0498e-05 -1.31405e-07 8.85
0.000793131 3.54322e-05 8.04598e-05 -1.23728e-07 8.875
0.000800559 3.47454e-05 8.04266e-05 -1.19446e-07 8.9
0.000802288 3.1946e-05 8.03967e-05 -1.17633e-07 8.925
0.000805766 4.2666e-05 8.03715e-05 -1.09794e-07 8.95
0.000810931 4.69147e-05 8.03531e-05 -1.02768e-07 8.975
0.000815905 4.354e-05 8.03401e-05 -1.01659e-07 9
0.000819106 4.82114e-05 8.03319e-05 -9.84913e-08 9.025
0.000821367 5.04113e-05 8.03274e-05 -9.54889e-08 9.05
0.000825659 5.38486e-05 8.03286e-05 -9.20372e-08 9.075
0.000828104 5.212e-05 8.0331e-05 -9.17128e-08 9.1
0.000835847 5.60446e-05 8.03403e-05 -9.10881e-08 9.125
0.000840985 5.79882e-05 8.03537e-05 -9.12425e-08 9.15
0.000848251 5.95556e-05 8.03722e-05 -9.26567e-08 9.175
0.00085268 6.04005e-05 8.03943e-05 -9.56222e-08 9.2
0.000856654 6.1857e-05 8.04191e-05 -1.00059e-07 9.225
0.000859233 6.35429e-05 8.04494e-05 -1.0668e-07 9.25
0.000862111 6.66867e-05 8.04817e-05 -1.12159e-07 9.275
0.000865766 6.90088e-05 8.05154e-05 -1.17502e-07 9.3
0.00086747 6.90764e-05 8.05494e-05 -1.2395e-07 9.325
0.000869005 7.04152e-05 8.05839e-05 -1.30402e-07 9.35
0.000868242 7.05944e-05 8.06181e-05 -1.38378e-07 9.375
0.000872534 7.056e-05 8.06599e-05 -1.47053e-07 9.4
0.000877835 7.1557e-05 8.06956e-05 -1.53108e-07 9.425
0.000879949 7.41463e-05 8.07306e-05 -1.54018e-07 9.45
0.000877767 7.67979e-05 8.07591e-05 -1.49316e-07 9.475
0.000872163 7.32432e-05 8.07897e-05 -1.49948e-07 9.5
0.000872371 7.45712e-05 8.08159e-05 -1.52602e-07 9.525
0.000873813 7.39805e-05 8.08361e-05 -1.55856e-07 9.55
0.000876297 7.47286e-05 8.08573e-05 -1.60321e-07 9.575
0.000876787 7.63557e-05 8.08783e-05 -1.64618e-07 9.6
0.00087495 7.66603e-05 8.0903e-05 -1.67176e-07 9.625
0.000872688 6.90567e-05 8.09264e-05 -1.67727e-07 9.65
0.000873441 7.09055e-05 8.09532e-05 -1.6935e-07 9.675
0.000875977 7.9649e-05 8.09862e-05 -1.64892e-07 9.7
0.000879902 7.69575e-05 8.10137e-05 -1.6138e-07 9.725
0.000881673 7.57439e-05 8.1043e-05 -1.55074e-07 9.75
0.000880071 8.04528e-05 8.10664e-05 -1.41487e-07 9.775
0.000874693 8.3312e-05 8.10912e-05 -1.28885e-07 9.8
0.000875612 7.99492e-05 8.11144e-05 -1.24151e-07 9.825
0.00087652 7.39948e-05 8.11354e-05 -1.26462e-07 9.85
0.000877204 7.46332e-05 8.11558e-05 -1.29051e-07 9.875
0.000874479 7.38399e-05 8.11734e-05 -1.3258e-07 9.9
0.000869623 8.70119e-05 8.1188e-05 -1.2577e-07 9.925
0.000866706 7.42924e-05 8.12015e-05 -1.29555e-07 9.95
0.000867908 7.37734e-05 8.12232e-05 -1.32139e-07 9.975
0.00086959 8.16005e-05 8.12387e-05 -1.24573e-07 10
0.000871526 7.75552e-05 8.12564e-05 -1.17179e-07 10.025
0.000869668 7.6441e-05 8.12679e-05 -1.05781e-07 10.05
0.000862136 7.78e-05 8.12818e-05 -9.57217e-08 10.075
0.000858161 7.93724e-05 8.12905e-05 -8.95485e-08 10.1
0.000857935 8.50649e-05 8.12968e-05 -8.19174e-08 10.125
0.000858656 7.94587e-05 8.13016e-05 -7.96726e-08 10.15
0.000857566 7.87859e-05 8.13061e-05 -7.84293e-08 10.175
0.000854398 8.00468e-05 8.13095e-05 -7.63907e-08 10.2
0.000851878 7.82346e-05 8.13195e-05 -7.42573e-08 10.225
0.000853752 8.04009e-05 8.13238e-05 -6.74641e-08 10.25
0.000853161 8.05894e-05 8.13273e-05 -5.6863e-08 10.275
0.00085318 8.07571e-05 8.13295e-05 -4.40505e-08 10.3
0.000849604 7.85265e-05 8.1324e-05 -2.82634e-08 10.325
0.000846481 7.55329e-05 8.13208e-05 -1.8079e-08 10.35
0.000846648 7.59285e-05 8.1316e-05 -1.2318e-08 10.375
0.00084768 7.7178e-05 8.13099e-05 -7.4723e-09 10.4
0.000847696 7.45387e-05 8.1304e-05 -6.65815e-09 10.425
0.000841267 8.09049e-05 8.12935e-05 -1.1043e-09 10.45
0.00084201 7.74293e-05 8.12861e-05 -4.09234e-10 10.475
0.00084165 7.44314e-05 8.12962e-05 -1.50343e-10 10.5
0.000847332 7.34542e-05 8.12927e-05 3.54597e-09 10.525
0.000849328 7.52485e-05 8.12924e-05 9.58852e-09 10.55
0.000849694 7.97068e-05 8.12919e-05 2.40074e-08 10.575
0.000842888 8.16089e-05 8.12866e-05 3.78233e-08 10.6
0.000839123 7.27531e-05 8.12767e-05 4.18865e-08 10.625
0.000839224 7.48244e-05 8.12659e-05 4.18858e-08 10.65
0.000837131 7.47303e-05 8.12537e-05 4.21599e-08 10.675
0.000834117 7.42225e-05 8.12401e-05 4.10361e-08 10.7
0.000830626 6.93364e-05 8.12258e-05 3.66031e-08 10.725
0.000832887 6.07883e-05 8.1223e-05 2.83434e-08 10.75
0.000840703 6.78957e-05 8.12179e-05 2.84877e-08 10.775
0.000844383 7.35439e-05 8.12165e-05 3.81412e-08 10.8
0.000843882 6.71746e-05 8.12138e-05 4.49255e-08 10.825
0.000838399 6.76834e-05 8.1201e-05 5.63049e-08 10.85
0.000833092 6.17185e-05 8.11927e-05 6.11765e-08 10.875
0.000830277 6.91004e-05 8.11785e-05 6.6511e-08 10.9
0.000830862 6.83848e-05 8.11629e-05 6.87661e-08 10.925
0.000832859 5.81692e-05 8.11479e-05 6.2065e-08 10.95
0.000838998 5.86762e-05 8.11389e-05 5.77946e-08 10.975
0.000840342 5.30961e-05 8.11325e-05 5.04868e-08 11
0.000841918 5.78298e-05 8.11296e-05 4.65633e-08 11.025
0.000841421 5.96693e-05 8.1134e-05 3.9748e-08 11.05
0.000849903 5.14944e-05 8.11389e-05 3.22927e-08 11.075
0.0008573 4.84376e-05 8.11495e-05 2.93609e-08 11.1
0.000858627 4.55232e-05 8.11565e-05 3.0478e-08 11.125
0.000856207 3.99889e-05 8.11707e-05 2.65523e-08 11.15
0.000860149 4.0372e-05 8.1185e-05 1.97381e-08 11.175
0.000863823 3.82259e-05 8.11986e-05 9.58505e-09 11.2
0.000865935 3.72999e-05 8.1213e-05 -1.50631e-09 11.225
0.000868242 3.16253e-05 8.12293e-05 -1.59267e-08 11.25
0.000873949 2.46971e-05 8.12579e-05 -3.23033e-08 11.275
0.000876447 2.22066e-05 8.12802e-05 -4.57329e-08 11.3
0.00088335 2.71995e-05 8.13101e-05 -4.94893e-08 11.325
0.000883624 2.11792e-05 8.13406e-05 -5.3945e-08 11.35
0.000885207 1.79969e-05 8.1367e-05 -5.43286e-08 11.375
0.000884194 1.42684e-05 8.13988e-05 -5.88541e-08 11.4
0.000886032 1.11617e-05 8.14354e-05 -6.94986e-08 11.425
0.000892087 3.36824e-06 8.14714e-05 -8.45955e-08 11.45
0.000896234 6.45768e-06 8.15072e-05 -9.61298e-08 11.475
0.000898573 5.0864e-06 8.1551e-05 -1.07631e-07 11.5
0.000907125 6.91506e-06 8.16009e-05 -1.12085e-07 11.525
0.000915107 -9.52158e-07 8.16458e-05 -1.19477e-07 11.55
0.00091709 -8.32631e-06 8.16908e-05 -1.25898e-07 11.575
0.000917387 -8.81217e-06 8.17346e-05 -1.36022e-07 11.6
0.000920893 -3.25536e-06 8.17657e-05 -1.46169e-07 11.625
0.000918133 -5.10898e-06 8.18074e-05 -1.55747e-07 11.65
0.000920283 -1.08108e-05 8.18449e-05 -1.68e-07 11.675
0.000924557 -4.02968e-06 8.18809e-05 -1.76636e-07 11.7
0.000929504 -8.48001e-06 8.19254e-05 -1.87624e-07 11.725
0.000935328 3.54034e-08 8.19735e-05 -1.89965e-07 11.75
0.000940024 4.54967e-07 8.20188e-05 -1.93182e-07 11.775
0.000941209 1.2887e-06 8.20678e-05 -1.96669e-07 11.8
0.000941698 -5.37458e-07 8.21162e-05 -2.03589e-07 11.825
0.000942702 1.6083e-06 8.21651e-05 -2.08969e-07 11.85
0.000943754 1.75049e-06 8.22044e-05 -2.1865e-07 11.875
0.000943398 7.58965e-06 8.22475e-05 -2.19815e-07 11.9
0.000942384 7.09144e-06 8.22856e-05 -2.16273e-07 11.925
0.000943367 1.04474e-05 8.23208e-05 -2.07793e-07 11.95
0.000946318 1.63802e-05 8.2366e-05 -1.91708e-07 11.975
0.000950385 1.05002e-05 8.24048e-05 -1.86664e-07 12
0.000952023 7.87142e-06 8.24436e-05 -1.85512e-07 12.025
0.000949054 1.71327e-05 8.248e-05 -1.79983e-07 12.05
0.000948824 2.1696e-05 8.25176e-05 -1.73324e-07 12.075
0.000946229 1.88425e-05 8.25493e-05 -1.68638e-07 12.1
0.000945245 2.66455e-05 8.25729e-05 -1.60724e-07 12.125
0.000941943 2.99864e-05 8.25979e-05 -1.46009e-07 12.15
0.000942332 2.90528e-05 8.2625e-05 -1.26924e-07 12.175
0.00094721 3.06352e-05 8.26639e-05 -1.0403e-07 12.2
0.000958079 2.77045e-05 8.27023e-05 -9.30951e-08 12.225
0.000960414 3.8391e-05 8.27405e-05 -8.23352e-08 12.25
0.000959648 3.72208e-05 8.27782e-05 -7.3588e-08 12.275
0.000956016 3.50339e-05 8.28141e-05 -6.65891e-08 12.3
0.000956522 3.19183e-05 8.2851e-05 -6.39309e-08 12.325
0.000955799 4.01975e-05 8.28836e-05 -5.52301e-08 12.35
0.000953629 3.66519e-05 8.29119e-05 -5.06608e-08 12.375
0.000958782 4.10909e-05 8.29422e-05 -4.30361e-08 12.4
0.000961508 3.7427e-05 8.29733e-05 -3.89278e-08 12.425
0.000959505 3.86949e-05 8.3e-05 -3.56801e-08 12.45
0.000954872 4.03495e-05 8.30247e-05 -3.25274e-08 12.475
0.000956945 4.20516e-05 8.30511e-05 -3.05433e-08 12.5
0.000959271 3.72083e-05 8.30762e-05 -3.30785e-08 12.525
0.00095764 3.59707e-05 8.30989e-05 -3.72999e-08 12.55
0.000959267 3.61425e-05 8.31231e-05 -4.32639e-08 12.575
0.000960979 3.36422e-05 8.31473e-05 -5.11552e-08 12.6
0.000956833 3.19743e-05 8.31669e-05 -6.03836e-08 12.625
0.0009603 3.07173e-05 8.31893e-05 -7.1131e-08 12.65
0.00096277 2.3583e-05 8.32128e-05 -8.72672e-08 12.675
0.000961155 2.68187e-05 8.32343e-05 -1.00139e-07 12.7
0.000960378 2.24841e-05 8.3255e-05 -1.16052e-07 12.725
0.000958783 1.89043e-05 8.32735e-05 -1.3368e-07 12.75
0.000956567 1.54939e-05 8.32903e-05 -1.53445e-07 12.775
0.00095578 9.77067e-06 8.33046e-05 -1.71725e-07 12.8
0.00096006 1.3579e-05 8.33226e-05 -1.89211e-07 12.825
0.00096115 1.04643e-05 8.33409e-05 -2.07606e-07 12.85
0.000962593 1.30383e-05 8.33601e-05 -2.23112e-07 12.875
0.000966227 1.06181e-05 8.33822e-05 -2.40014e-07 12.9
0.000969628 4.70947e-06 8.34061e-05 -2.56584e-07 12.925
0.000972687 4.59295e-06 8.34331e-05 -2.73501e-07 12.95
0.000974067 6.88013e-06 8.34614e-05 -2.88578e-07 12.975
0.000976094 6.78586e-06 8.34914e-05 -3.02943e-07 13
0.000971269 5.19178e-06 8.35205e-05 -3.19287e-07 13.025
0.0009804 5.35664e-06 8.35467e-05 -3.30072e-07 13.05
0.000985911 5.51542e-06 8.35823e-05 -3.43633e-07 13.075
0.000988228 9.8402e-06 8.36206e-05 -3.53463e-07 13.1
0.000997269 4.45641e-06 8.36649e-05 -3.67352e-07 13.125
0.00100311 4.41236e-06 8.37126e-05 -3.7922e-07 13.15
0.00100547 1.42528e-05 8.37634e-05 -3.8604e-07 13.175
0.00100951 1.70625e-05 8.38169e-05 -3.92046e-07 13.2
0.00101248 1.58277e-05 8.3873e-05 -3.99043e-07 13.225
0.00101622 1.74369e-05 8.39316e-05 -4.05321e-07 13.25
0.00101287 2.51979e-05 8.39883e-05 -4.07837e-07 13.275
0.00100709 2.15799e-05 8.40399e-05 -4.14046e-07 13.3
0.0009975 2.1366e-05 8.4084e-05 -4.21661e-07 13.325
0.000977776 3.14598e-05 8.41124e-05 -4.2332e-07 13.35
0.000958113 3.55346e-05 8.41268e-05 -4.24662e-07 13.375
0.000937218 4.48988e-05 8.41252e-05 -4.21125e-07 13.4
0.000919459 4.72003e-05 8.411e-05 -4.18303e-07 13.425
0.000904292 4.50081e-05 8.4083e-05 -4.19655e-07 13.45
0.000893559 5.01322e-05 8.40476e-05 -4.19272e-07 13.475
0.000890021 6.16292e-05 8.40097e-05 -4.13505e-07 13.5
0.000890656 7.0465e-05 8.39717e-05 -4.04858e-07 13.525
0.000901108 7.90285e-05 8.39417e-05 -3.92697e-07 13.55
0.000912097 6.89528e-05 8.3919e-05 -3.91408e-07 13.575
0.000923024 7.12882e-05 8.38976e-05 -3.92418e-07 13.6
0.000927725 7.69612e-05 8.38891e-05 -3.88071e-07 13.625
0.000931951 8.79655e-05 8.38854e-05 -3.7508e-07 13.65
0.000943077 8.80885e-05 8.38903e-05 -3.61192e-07 13.675
0.00095715 9.41697e-05 8.39169e-05 -3.44059e-07 13.7
0.000975497 9.43137e-05 8.39495e-05 -3.32764e-07 13.725
0.000992886 9.82663e-05 8.39972e-05 -3.24463e-07 13.75
0.00100923 9.76256e-05 8.40608e-05 -3.2089e-07 13.775
0.00102388 0.000102662 8.41367e-05 -3.16015e-07 13.8
0.00104158 0.00011041 8.42245e-05 -3.06856e-07 13.825
0.00106157 0.000110795 8.43262e-05 -2.99344e-07 13.85
0.00108064 0.000113317 8.44395e-05 -2.95877e-07 13.875
0.00109288 0.00012073 8.4561e-05 -2.87096e-07 13.9
0.00109481 0.000128014 8.46857e-05 -2.79291e-07 13.925
0.0010996 0.00012694 8.48113e-05 -2.72725e-07 13.95
0.00109709 0.000123831 8.49324e-05 -2.68606e-07 13.975
0.00109355 0.000132905 8.5049e-05 -2.62612e-07 14
0.00108239 0.000134964 8.51557e-05 -2.58928e-07 14.025
0.0010628 0.000136094 8.52472e-05 -2.57349e-07 14.05
0.00103663 0.000137788 8.53184e-05 -2.55547e-07 14.075
0.00100393 0.000130816 8.53646e-05 -2.63013e-07 14.1
0.000967908 0.000151188 8.53828e-05 -2.57102e-07 14.125
0.000925134 0.000134529 8.5367e-05 -2.66908e-07 14.15
0.000887204 0.000143558 8.53236e-05 -2.70627e-07 14.175
0.000853791 0.000148773 8.52545e-05 -2.73174e-07 14.2
0.000832365 0.000152165 8.5169e-05 -2.7591e-07 14.225
0.000820904 0.000151875 8.50732e-05 -2.79629e-07 14.25
0.000815972 0.000147555 8.49729e-05 -2.83205e-07 14.275
0.000818477 0.000147984 8.48766e-05 -2.80469e-07 14.3
0.000827739 0.000149671 8.47823e-05 -2.80126e-07 14.325
0.000845307 0.00015492 8.46947e-05 -2.82078e-07 14.35
0.000860595 0.000146015 8.46259e-05 -2.80487e-07 14.375
0.000877568 0.000150703 8.45751e-05 -2.72924e-07 14.4
0.000905849 0.000149169 8.45551e-05 -2.63769e-07 14.425
0.000937055 0.000151042 8.45485e-05 -2.53325e-07 14.45
0.000962962 0.000150905 8.45648e-05 -2.48508e-07 14.475
0.000984752 0.000153099 8.45951e-05 -2.44118e-07 14.5
0.00100547 0.000151986 8.46456e-05 -2.41433e-07 14.525
0.00102325 0.000152479 8.47112e-05 -2.39542e-07 14.55
0.00104156 0.000154947 8.47895e-05 -2.3438e-07 14.575
0.00105285 0.000156947 8.48736e-05 -2.28154e-07 14.6
0.0010606 0.000155165 8.49619e-05 -2.21249e-07 14.625
0.00107083 0.000160314 8.50571e-05 -2.11155e-07 14.65
0.00107739 0.000160351 8.51561e-05 -2.02722e-07 14.675
0.00107875 0.000160311 8.52565e-05 -1.95205e-07 14.7
0.00107321 0.000160283 8.53521e-05 -1.90005e-07 14.725
0.00106098 0.000164479 8.54383e-05 -1.81904e-07 14.75
0.0010306 0.000164493 8.54996e-05 -1.7633e-07 14.775
0.000996064 0.000165367 8.55365e-05 -1.71625e-07 14.8
0.000954314 0.000163777 8.55418e-05 -1.69154e-07 14.825
0.000907833 0.000166544 8.55123e-05 -1.66105e-07 14.85
0.000859368 0.000172158 8.5446e-05 -1.59827e-07 14.875
0.000813955 0.000172842 8.53453e-05 -1.56168e-07 14.9
0.000774159 0.000171585 8.52145e-05 -1.5372e-07 14.925
0.00074789 0.000169075 8.50636e-05 -1.53722e-07 14.95
0.000733227 0.000171804 8.49014e-05 -1.52879e-07 14.975
0.000732875 0.000170163 8.47321e-05 -1.58045e-07 15
0.000731719 0.000167944 8.4568e-05 -1.58914e-07 15.025
0.000748556 0.000179278 8.44208e-05 -1.49548e-07 15.05
0.000776911 0.00018747 8.42937e-05 -1.32537e-07 15.075
0.00080531 0.000175941 8.41981e-05 -1.2324e-07 15.1
0.000836086 0.000181313 8.41171e-05 -1.13408e-07 15.125
0.000867847 0.000176899 8.40608e-05 -1.10925e-07 15.15
0.000896797 0.0001694 8.4031e-05 -1.14818e-07 15.175
0.000924438 0.000170249 8.40181e-05 -1.21412e-07 15.2
0.000945534 0.000180582 8.40319e-05 -1.2049e-07 15.225
0.000964692 0.00018668 8.40597e-05 -1.1324e-07 15.25
0.000985496 0.000195514 8.41025e-05 -1.01538e-07 15.275
0.00100035 0.000187188 8.41459e-05 -8.70196e-08 15.3
0.00100558 0.000189327 8.42047e-05 -6.93253e-08 15.325
0.00100915 0.000188318 8.42608e-05 -5.70587e-08 15.35
0.00100497 0.000189878 8.43146e-05 -4.77092e-08 15.375
0.000986041 0.000186484 8.43581e-05 -4.32691e-08 15.4
0.000959237 0.000186296 8.43828e-05 -4.03034e-08 15.425
0.000930924 0.000189046 8.4384e-05 -3.34731e-08 15.45
0.000897912 0.000191554 8.43576e-05 -2.99972e-08 15.475
0.000854933 0.000184241 8.4305e-05 -2.68869e-08 15.5
0.000818182 0.000182833 8.42235e-05 -1.65342e-08 15.525
0.00078992 0.00018434 8.41207e-05 -1.02197e-09 15.55
0.000772814 0.000180999 8.40131e-05 1.2878e-08 15.575
0.000772438 0.000179388 8.38952e-05 2.27888e-08 15.6
0.000783599 0.00017455 8.37864e-05 2.53625e-08 15.625
0.000800503 0.000173675 8.36922e-05 2.50537e-08 15.65
0.000823683 0.000163955 8.36161e-05 1.76874e-08 15.675
0.000856874 0.000162104 8.35586e-05 5.32707e-09 15.7
0.000883679 0.000158695 8.35279e-05 -2.57629e-09 15.725
0.000908571 0.000162427 8.35157e-05 -1.08919e-09 15.75
0.000929596 0.000160817 8.35158e-05 4.41429e-09 15.775
0.000952658 0.000153926 8.35287e-05 7.64714e-09 15.8
0.000975734 0.000146021 8.3572e-05 4.80293e-09 15.825
0.00099537 0.000144723 8.36237e-05 -7.39327e-10 15.85
0.00101289 0.000145402 8.36903e-05 -9.70636e-09 15.875
0.0010217 0.000132665 8.37631e-05 -2.61825e-08 15.9
0.00102966 0.000135205 8.38418e-05 -3.95906e-08 15.925
0.0010278 0.000135295 8.39237e-05 -5.16557e-08 15.95
0.00101837 0.000132888 8.39932e-05 -5.98262e-08 15.975
0.000999967 0.000118969 8.40475e-05 -7.57733e-08 16
0.000969676 0.000109207 8.40755e-05 -9.66174e-08 16.025
0.000935905 0.000105865 8.40711e-05 -1.15738e-07 16.05
0.000902161 0.000104062 8.40396e-05 -1.33506e-07 16.075
0.000864747 9.77724e-05 8.39774e-05 -1.55072e-07 16.1
0.00083272 9.35491e-05 8.38933e-05 -1.80234e-07 16.125
0.000807002 9.09321e-05 8.37898e-05 -2.05312e-07 16.15
0.000792652 8.82835e-05 8.36756e-05 -2.32738e-07 16.175
0.000789466 9.12078e-05 8.35593e-05 -2.58023e-07 16.2
0.000795145 9.46039e-05 8.34398e-05 -2.84446e-07 16.225
0.000804452 9.70479e-05 8.33371e-05 -3.02754e-07 16.25
0.000824145 0.000100579 8.32536e-05 -3.13567e-07 16.275
0.00084761 9.96716e-05 8.31877e-05 -3.22359e-07 16.3
0.000870605 0.000106502 8.31467e-05 -3.24393e-07 16.325
0.000896829 0.0001097 8.31202e-05 -3.25069e-07 16.35
0.000915512 0.000109059 8.31084e-05 -3.32287e-07 16.375
0.000928563 0.000111215 8.31111e-05 -3.40698e-07 16.4
0.000936306 0.000117829 8.31217e-05 -3.45059e-07 16.425
0.000948491 0.000124228 8.31485e-05 -3.5016e-07 16.45
0.000949495 0.000126812 8.31621e-05 -3.49552e-07 16.475
0.000958989 0.000128907 8.31909e-05 -3.42967e-07 16.5
0.000969419 0.000139462 8.32261e-05 -3.33221e-07 16.525
0.000986652 0.000140498 8.32785e-05 -3.21092e-07 16.55
0.00100339 0.00014316 8.33535e-05 -3.066e-07 16.575
0.00101756 0.000147272 8.34294e-05 -2.93698e-07 16.6
0.00102601 0.000148174 8.35128e-05 -2.8729e-07 16.625
0.00102135 0.000155977 8.35944e-05 -2.77781e-07 16.65
0.00100977 0.000155896 8.3667e-05 -2.70676e-07 16.675
0.000991667 0.000162591 8.37231e-05 -2.60811e-07 16.7
0.000966492 0.00017545 8.37574e-05 -2.4867e-07 16.725
0.000931119 0.000179577 8.37724e-05 -2.39459e-07 16.75
0.000893453 0.000181503 8.37568e-05 -2.2144e-07 16.775
0.000861598 0.000190132 8.37186e-05 -1.95211e-07 16.8
0.000841452 0.000186819 8.36724e-05 -1.65574e-07 16.825
0.000826015 0.000189487 8.36049e-05 -1.40367e-07 16.85
0.000810292 0.000187742 8.35234e-05 -1.23855e-07 16.875
0.000804829 0.000185651 8.34418e-05 -1.13951e-07 16.9
0.000808359 0.000198037 8.33613e-05 -9.70277e-08 16.925
0.000820279 0.000199049 8.32878e-05 -8.28277e-08 16.95
0.000838309 0.00019432 8.32177e-05 -7.6672e-08 16.975
0.00085331 0.00019618 8.31673e-05 -6.64039e-08 17
0.000873796 0.000191235 8.31326e-05 -5.33728e-08 17.025
0.000898002 0.000189679 8.31147e-05 -3.95636e-08 17.05
0.000921021 0.000190188 8.3124e-05 -2.47106e-08 17.075
0.000940182 0.00018426 8.31375e-05 -1.71655e-08 17.1
0.000955187 0.000182951 8.31635e-05 -1.60415e-08 17.125
0.000961848 0.000180172 8.31984e-05 -1.8842e-08 17.15
0.000969544 0.000176318 8.32391e-05 -2.40817e-08 17.175
0.000978106 0.000176458 8.32874e-05 -2.83574e-08 17.2
0.000988724 0.00017215 8.33418e-05 -3.49274e-08 17.225
0.00100186 0.000165878 8.34051e-05 -4.47086e-08 17.25
0.00101128 0.000167623 8.34729e-05 -5.12084e-08 17.275
0.00101678 0.000158559 8.35431e-05 -6.40647e-08 17.3
0.00101517 0.000147713 8.36082e-05 -7.80661e-08 17.325
0.00100841 0.000166658 8.36697e-05 -8.10181e-08 17.35
0.000997551 0.000151549 8.37223e-05 -9.67339e-08 17.375
0.000978835 0.000159419 8.37597e-05 -1.05455e-07 17.4
0.000954999 0.00015454 8.37809e-05 -1.18677e-07 17.425
0.000929376 0.000146874 8.37807e-05 -1.33071e-07 17.45
0.000900307 0.000127304 8.3759e-05 -1.55729e-07 17.475
0.000870301 0.000128998 8.37164e-05 -1.78499e-07 17.5
0.000848284 0.000126986 8.36575e-05 -2.02382e-07 17.525
0.000829656 0.000133562 8.35849e-05 -2.21679e-07 17.55
0.000820596 0.000133926 8.35075e-05 -2.41338e-07 17.575
0.000822109 0.000130528 8.34311e-05 -2.63704e-07 17.6
0.000833868 0.000130769 8.33621e-05 -2.8427e-07 17.625
0.000847375 0.00014063 8.33035e-05 -2.97675e-07 17.65
0.000858756 0.000143641 8.32461e-05 -3.08027e-07 17.675
0.000875822 0.000139817 8.32055e-05 -3.22822e-07 17.7
0.000893513 0.000139637 8.31784e-05 -3.3769e-07 17.725
0.000903515 0.000147239 8.31587e-05 -3.47492e-07 17.75
0.000910121 0.000153762 8.31453e-05 -3.551e-07 17.775
0.00091335 0.000156292 8.31352e-05 -3.62497e-07 17.8
0.000920135 0.000158143 8.31305e-05 -3.70054e-07 17.825
0.00092406 0.000163792 8.31298e-05 -3.75561e-07 17.85
0.000927804 0.000170032 8.31324e-05 -3.78798e-07 17.875
0.000931882 0.000177107 8.31393e-05 -3.7978e-07 17.9
0.000936295 0.000182706 8.31499e-05 -3.79312e-07 17.925
0.000946317 0.000184835 8.31687e-05 -3.80291e-07 17.95
0.000952117 0.000189239 8.31879e-05 -3.82901e-07 17.975
0.000954254 0.000194329 8.32168e-05 -3.81519e-07 18
0.000960779 0.00019998 8.32525e-05 -3.73852e-07 18.025
0.000969763 0.000208402 8.32926e-05 -3.6041e-07 18.05
0.000978343 0.00021033 8.33481e-05 -3.48489e-07 18.075
0.00097818 0.000213973 8.33991e-05 -3.41563e-07 18.1
0.000967432 0.00021857 8.34425e-05 -3.37228e-07 18.125
0.00094747 0.000225348 8.34721e-05 -3.30728e-07 18.15
0.000924527 0.000228354 8.34842e-05 -3.24325e-07 18.175
0.000900227 0.000237389 8.34779e-05 -3.14983e-07 18.2
0.00087788 0.000240284 8.34467e-05 -3.09186e-07 18.225
0.000851283 0.000241202 8.34044e-05 -2.98494e-07 18.25
0.000830539 0.000246735 8.33466e-05 -2.80746e-07 18.275
0.000821044 0.000249702 8.32823e-05 -2.60288e-07 18.3
0.000813195 0.000259444 8.32253e-05 -2.34815e-07 18.325
0.000819484 0.000260043 8.31662e-05 -2.13505e-07 18.35
0.000828609 0.000263244 8.31131e-05 -1.99029e-07 18.375
0.000836554 0.000260539 8.30656e-05 -1.88965e-07 18.4
0.000850526 0.000260709 8.30287e-05 -1.79933e-07 18.425
0.000865576 0.000265225 8.30027e-05 -1.69003e-07 18.45
0.000877282 0.000258587 8.29759e-05 -1.69264e-07 18.475
0.000889639 0.000259218 8.29634e-05 -1.61737e-07 18.5
0.000896896 0.000258383 8.29577e-05 -1.50698e-07 18.525
0.000907607 0.000257764 8.2959e-05 -1.37419e-07 18.55
0.000915705 0.000253277 8.29757e-05 -1.273e-07 18.575
0.000923371 0.00024946 8.29918e-05 -1.2362e-07 18.6
0.00092752 0.000246472 8.30101e-05 -1.23885e-07 18.625
0.000931332 0.000243584 8.30333e-05 -1.27359e-07 18.65
0.000931653 0.000244312 8.3058e-05 -1.30263e-07 18.675
0.000935627 0.000240279 8.30853e-05 -1.35968e-07 18.7
0.00094504 0.000240823 8.3117e-05 -1.39615e-07 18.725
0.00095486 0.00024128 8.31513e-05 -1.43707e-07 18.75
0.000969602 0.000245686 8.3194e-05 -1.43965e-07 18.775
0.000980678 0.000239939 8.32415e-05 -1.46308e-07 18.8
0.000985284 0.000235548 8.32916e-05 -1.51978e-07 18.825
0.000990599 0.000235262 8.33467e-05 -1.58079e-07 18.85
0.000993849 0.000234234 8.34029e-05 -1.64607e-07 18.875
0.00098948 0.000231353 8.34539e-05 -1.71243e-07 18.9
0.000976572 0.00023083 8.3495e-05 -1.80499e-07 18.925
0.000958434 0.000230751 8.35189e-05 -1.88368e-07 18.95
0.000934939 0.000228899 8.35264e-05 -1.98643e-07 18.975
0.000910663 0.00023008 8.35168e-05 -2.08407e-07 19
0.000891454 0.000226924 8.34926e-05 -2.19526e-07 19.025
0.000870227 0.000231473 8.34531e-05 -2.28971e-07 19.05
0.000857049 0.000231382 8.34039e-05 -2.38982e-07 19.075
0.000849611 0.000234802 8.33494e-05 -2.46284e-07 19.1
0.000847767 0.000236451 8.32928e-05 -2.52533e-07 19.125
0.000854138 0.000234317 8.32414e-05 -2.61579e-07 19.15
0.000863569 0.000239925 8.31964e-05 -2.66738e-07 19.175
0.000877314 0.000242994 8.31614e-05 -2.70987e-07 19.2
0.000888649 0.0002478 8.31341e-05 -2.72652e-07 19.225
0.000902833 0.00025083 8.31176e-05 -2.73412e-07 19.25
0.000916255 0.000255759 8.31034e-05 -2.75965e-07 19.275
0.000926263 0.000260595 8.31052e-05 -2.69669e-07 19.3
0.000936319 0.000263408 8.31175e-05 -2.58068e-07 19.325
0.00094811 0.000267303 8.31466e-05 -2.43056e-07 19.35
0.000959842 0.000269651 8.31776e-05 -2.31476e-07 19.375
0.000962637 0.000276079 8.32115e-05 -2.19856e-07 19.4
0.000970102 0.000275287 8.32559e-05 -2.13653e-07 19.425
0.000973837 0.000279295 8.33034e-05 -2.05936e-07 19.45
0.000980825 0.000282395 8.33568e-05 -1.97519e-07 19.475
0.000990939 0.000284252 8.3418e-05 -1.89571e-07 19.5
0.00100261 0.000288535 8.34863e-05 -1.79426e-07 19.525
0.00101449 0.00029124 8.35611e-05 -1.68249e-07 19.55
0.00102285 0.000293485 8.3645e-05 -1.57369e-07 19.575
0.0010272 0.000294334 8.37294e-05 -1.46458e-07 19.6
0.00102412 0.000307567 8.38126e-05 -1.3302e-07 19.625
0.00101311 0.000305176 8.38856e-05 -1.2184e-07 19.65
0.000991783 0.000305956 8.39429e-05 -1.11595e-07 19.675
0.000963792 0.00031374 8.39795e-05 -9.96977e-08 19.7
0.00094415 0.000317844 8.40013e-05 -8.69403e-08 19.725
0.000923558 0.000313655 8.40081e-05 -7.87496e-08 19.75
0.000900673 0.000317518 8.3998e-05 -6.76097e-08 19.775
0.000869494 0.000316839 8.39646e-05 -5.89465e-08 19.8
0.000847974 0.000318602 8.39151e-05 -5.03899e-08 19.825
0.000833911 0.000313645 8.38542e-05 -4.72339e-08 19.85
0.0008287 0.000317313 8.3789e-05 -4.10954e-08 19.875
0.000829568 0.000320085 8.37234e-05 -3.50789e-08 19.9
0.000830072 0.000313633 8.36565e-05 -3.31118e-08 19.925
0.000839138 0.000314648 8.35969e-05 -3.00236e-08 19.95
0.000851792 0.00031157 8.35459e-05 -3.04298e-08 19.975
0.00086836 0.000306616 8.35062e-05 -3.29816e-08 20
