0 0 0.00114725 -8.84091e-21 0
3.52024 0.000731083 0.000413451 6.12495e-08 0.000508996
0.127087 -0.000499139 0.000198532 -4.3795e-09 0.00147941
0.0179447 -0.000302555 0.000198522 -1.99202e-08 0.00342023
0.00198536 1.36075e-05 0.000198618 -6.76661e-08 0.00616022
-0.00383868 0.000365674 0.000197979 -2.75639e-08 0.00953251
-0.0055621 -0.000104556 0.000196735 -4.46361e-08 0.0135793
-0.00534611 -3.61194e-05 0.000195315 -2.88674e-08 0.0181319
-0.00180862 0.000177715 0.00019457 2.73166e-08 0.0234432
0.00157626 -0.000288114 0.000194721 -4.36021e-08 0.0287546
0.00125287 6.03304e-05 0.000194737 -1.75585e-08 0.0340659
0.000865366 0.000222897 0.000194659 4.14338e-08 0.0393773
0.00107577 -6.87681e-05 0.000194646 1.74202e-08 0.0446886
0.00117938 -0.000210651 0.000194643 -2.97162e-08 0.05
-1.23558e-05 0.000145227 0.000194016 3.54763e-08 0.0583333
-0.000241915 -4.51292e-05 0.000193348 1.28968e-08 0.0666667
0.000143089 -5.24426e-05 0.000192847 1.64583e-09 0.075
0.000345299 4.51616e-05 0.00019241 3.09106e-08 0.0833333
0.000431135 4.39711e-05 0.00019198 5.46391e-08 0.0916667
0.000496934 -4.39164e-05 0.00019156 3.47973e-08 0.1
0.000591955 -2.08934e-05 0.00019108 3.53511e-08 0.11
0.000570323 1.71538e-05 0.000190587 4.25754e-08 0.12
0.00036214 -5.36755e-06 0.000190003 4.82531e-08 0.13
0.000192216 2.46734e-07 0.00018936 6.1486e-08 0.14
0.000231184 -5.17821e-06 0.000188721 6.60821e-08 0.15
0.00032688 -8.62433e-06 0.000188134 6.959e-08 0.16
0.000403221 7.1556e-06 0.000187579 8.42595e-08 0.17
0.000425177 -1.72934e-07 0.000187037 9.76067e-08 0.18
0.000348664 -9.437e-06 0.000186484 1.02557e-07 0.19
0.000359339 -1.02871e-05 0.00018595 1.05464e-07 0.2
0.000399928 -3.14828e-06 0.000185448 1.09862e-07 0.21
0.000415648 -4.46225e-06 0.000184966 1.1091e-07 0.22
0.000405326 -2.31096e-06 0.000184493 1.14554e-07 0.23
0.00038497 -6.61458e-06 0.000184026 1.15279e-07 0.24
0.000379754 -7.01918e-06 0.000183578 1.13582e-07 0.25
0.000397895 -6.74891e-06 0.000183148 1.12179e-07 0.26
0.000418468 -7.5441e-06 0.000182739 1.10677e-07 0.27
0.00042454 -5.333e-06 0.000182342 1.10465e-07 0.28
0.000437787 1.1363e-05 0.000181963 1.19921e-07 0.29
0.000439225 -1.6889e-05 0.000181592 1.12872e-07 0.3
0.000440499 -1.95315e-05 0.000181231 1.05588e-07 0.31
0.000444321 -1.20388e-05 0.00018088 9.96917e-08 0.32
0.000441961 -3.14383e-06 0.000180536 9.92776e-08 0.33
0.00044498 1.41754e-06 0.000180202 1.01778e-07 0.34
0.000462779 -5.98803e-06 0.000179885 1.00464e-07 0.35
0.000520455 -7.9542e-06 0.000179455 9.59513e-08 0.3625
0.000481986 -1.0665e-05 0.000179083 9.26487e-08 0.375
0.000482053 -1.73041e-05 0.000178733 8.36577e-08 0.3875
0.00048985 -1.4985e-06 0.000178396 8.79106e-08 0.4
0.000510153 -1.33632e-05 0.000178075 8.04279e-08 0.4125
0.000518394 -9.28918e-06 0.000177758 7.76083e-08 0.425
0.000517347 -1.1544e-05 0.00017744 7.37108e-08 0.4375
0.00051873 -6.35848e-06 0.000177122 7.29382e-08 0.45
0.00052164 -7.92562e-06 0.000176802 7.18168e-08 0.4625
0.000516401 -1.53965e-05 0.000176478 6.27662e-08 0.475
0.000518791 -9.30171e-06 0.000176161 5.86279e-08 0.4875
0.000530678 -7.05505e-06 0.000175859 5.6053e-08 0.5
0.00054139 -1.65038e-05 0.000175571 4.61644e-08 0.5125
0.00054516 -1.2566e-05 0.000175289 3.99026e-08 0.525
0.000538167 -3.83627e-06 0.000175009 3.95037e-08 0.5375
0.000539408 -1.09293e-05 0.000174735 3.46344e-08 0.55
0.000547476 -1.2493e-05 0.000174469 2.9161e-08 0.5625
0.000549821 -9.18273e-06 0.00017421 2.57387e-08 0.575
0.000543575 -1.12208e-05 0.000173953 1.9846e-08 0.5875
0.000552834 -5.84586e-06 0.00017371 1.95652e-08 0.6
0.000550319 -1.85446e-05 0.000173472 1.36135e-08 0.6125
0.000544876 -8.30077e-06 0.000173236 1.12149e-08 0.625
0.000566137 -1.2562e-05 0.000173018 7.68312e-09 0.6375
0.000568199 -2.05012e-05 0.000172805 2.41294e-09 0.65
0.000549886 -8.12891e-06 0.000172587 1.60906e-09 0.6625
0.000552613 -2.57489e-05 0.000172377 -1.1829e-08 0.675
0.00055672 -1.21274e-05 0.000172174 -1.37586e-08 0.6875
0.000555776 -1.17848e-05 0.000171977 -1.63152e-08 0.7
0.000560521 -5.42495e-06 0.000171787 -1.46236e-08 0.7125
0.000558692 -1.18737e-05 0.000171601 -1.68653e-08 0.725
0.000552193 -1.54076e-05 0.000171416 -2.16109e-08 0.7375
0.000554323 -1.67689e-05 0.000171238 -2.64642e-08 0.75
0.000554157 -1.61862e-05 0.000171065 -3.05113e-08 0.7625
0.000556294 -8.53999e-06 0.000170898 -2.94318e-08 0.775
0.000551841 -7.63517e-06 0.000170733 -2.79724e-08 0.7875
0.000556886 -1.80767e-05 0.000170575 -3.32525e-08 0.8
0.000550744 -1.60688e-05 0.000170417 -3.68648e-08 0.8125
0.000547521 -1.48955e-05 0.000170262 -4.00078e-08 0.825
0.000547999 -1.07496e-05 0.000170112 -3.99788e-08 0.8375
0.000552186 -1.35574e-05 0.000169968 -4.20459e-08 0.85
0.000550098 -1.08903e-05 0.000169827 -4.14594e-08 0.8625
0.000546381 -1.21358e-05 0.000169688 -4.30594e-08 0.875
0.000548203 -9.50163e-06 0.000169554 -4.23007e-08 0.8875
0.000549849 -9.20681e-06 0.000169424 -4.06682e-08 0.9
0.000547809 -1.36482e-05 0.000169296 -4.3101e-08 0.9125
0.000545069 -2.258e-05 0.00016917 -5.14593e-08 0.925
0.00054525 -1.24681e-05 0.000169047 -5.16036e-08 0.9375
0.000544528 4.2724e-06 0.000168927 -4.11579e-08 0.95
0.000544541 -5.05531e-06 0.00016881 -3.75046e-08 0.9625
0.000543208 -1.45895e-05 0.000168694 -4.01782e-08 0.975
0.00054118 -1.68315e-05 0.00016858 -4.43532e-08 0.9875
0.000544862 -1.5037e-05 0.000168472 -4.7043e-08 1
0.000536553 -8.69971e-06 0.00016836 -4.55005e-08 1.0125
0.000533708 -4.5398e-06 0.00016825 -4.13896e-08 1.025
0.00053623 -6.93343e-06 0.000168144 -3.8859e-08 1.0375
0.000541141 -1.21351e-05 0.000168044 -4.0001e-08 1.05
0.000533645 -1.51628e-05 0.00016794 -4.42557e-08 1.0625
0.000536595 -1.59237e-05 0.000167842 -4.79496e-08 1.075
0.000532283 -4.68723e-06 0.000167742 -4.42497e-08 1.0875
0.000529587 -8.99295e-06 0.000167643 -4.45065e-08 1.1
0.000530548 -1.08594e-05 0.000167547 -4.58417e-08 1.1125
0.000529452 -2.03628e-07 0.000167451 -4.05495e-08 1.125
0.000533555 -5.30129e-06 0.000167359 -3.87742e-08 1.1375
0.000531006 -9.05551e-06 0.000167268 -3.91073e-08 1.15
0.000522291 -1.28003e-05 0.000167173 -4.2464e-08 1.1625
0.000519436 -8.79663e-06 0.00016708 -4.26794e-08 1.175
0.000526958 -6.87351e-06 0.000166994 -4.20295e-08 1.1875
0.000524208 -1.27706e-05 0.000166907 -4.55107e-08 1.2
0.000523078 -1.58747e-06 0.000166822 -4.08484e-08 1.2125
0.00052342 7.38618e-08 0.00016674 -3.56224e-08 1.225
0.000521359 -7.84935e-06 0.000166658 -3.80581e-08 1.2375
0.000521894 -1.21615e-05 0.000166578 -4.17415e-08 1.25
0.000517578 -9.26675e-06 0.000166497 -4.34617e-08 1.2625
0.000516807 -6.08167e-06 0.000166418 -4.35009e-08 1.275
0.000515395 -3.6443e-06 0.000166339 -4.17452e-08 1.2875
0.000512286 -1.14123e-05 0.00016626 -4.54717e-08 1.3
0.000516942 -1.365e-07 0.000166186 -4.12249e-08 1.3125
0.000518605 -1.98756e-06 0.000166114 -4.2493e-08 1.325
0.000517016 -8.36765e-06 0.000166044 -4.69968e-08 1.3375
0.000511902 -6.76397e-06 0.000165973 -4.91426e-08 1.35
0.000509513 -7.12308e-07 0.000165902 -4.74248e-08 1.3625
0.000508174 -6.10797e-06 0.000165832 -4.98335e-08 1.375
0.000510468 -2.38574e-06 0.000165764 -4.96082e-08 1.3875
0.000510108 -1.19209e-05 0.000165696 -5.55836e-08 1.4
0.000508936 -1.86663e-06 0.000165629 -5.47509e-08 1.4125
0.000505999 -2.28181e-06 0.000165561 -5.48426e-08 1.425
0.000507828 -4.71397e-06 0.000165495 -5.58465e-08 1.4375
0.000506688 -1.0045e-05 0.00016543 -6.07293e-08 1.45
0.000505233 -1.42707e-07 0.000165364 -5.80084e-08 1.4625
0.000502204 -9.15146e-07 0.000165299 -5.67622e-08 1.475
0.000501358 -2.25254e-06 0.000165234 -5.61672e-08 1.4875
0.000499426 -2.7032e-09 0.000165169 -5.40112e-08 1.5
0.000499636 -3.80694e-06 0.000165106 -5.47305e-08 1.5125
0.000501258 -4.47087e-06 0.000165044 -5.59483e-08 1.525
0.000503604 -1.01396e-05 0.000164984 -5.95893e-08 1.5375
0.000504784 3.72186e-06 0.000164926 -5.48264e-08 1.55
0.000498327 -4.74537e-06 0.000164865 -5.65788e-08 1.5625
0.00049703 -6.47679e-06 0.000164804 -5.86211e-08 1.575
0.000497148 -3.47562e-06 0.000164745 -5.83337e-08 1.5875
0.000496026 1.16961e-06 0.000164685 -5.53067e-08 1.6
0.000493566 -1.75441e-06 0.000164625 -5.47765e-08 1.6125
0.000492836 -5.62147e-06 0.000164566 -5.69783e-08 1.625
0.000493741 -3.99461e-06 0.000164508 -5.75359e-08 1.6375
0.000493356 -2.61093e-06 0.000164451 -5.77299e-08 1.65
0.000494793 2.63054e-06 0.000164396 -5.42575e-08 1.6625
0.00049379 -6.60082e-06 0.000164341 -5.77234e-08 1.675
0.000494753 -2.93369e-06 0.000164288 -5.83573e-08 1.6875
0.000487319 5.72203e-06 0.000164231 -5.29103e-08 1.7
0.000488614 -1.8272e-06 0.000164176 -5.30251e-08 1.7125
0.000490644 -1.01015e-06 0.000164123 -5.24063e-08 1.725
0.000477657 -3.97255e-06 0.000164062 -5.41072e-08 1.7375
0.000483086 1.63614e-06 0.000164006 -5.20987e-08 1.75
0.000492164 5.39339e-06 0.000163957 -4.788e-08 1.7625
0.000488262 -5.68636e-06 0.000163905 -4.82366e-08 1.775
0.000483729 1.36678e-07 0.000163852 -4.49819e-08 1.7875
0.000485828 -5.31513e-07 0.000163801 -4.32865e-08 1.8
0.000484535 -2.45537e-06 0.00016375 -4.33374e-08 1.8125
0.000485657 3.4681e-06 0.0001637 -3.96063e-08 1.825
0.000483612 8.04611e-08 0.00016365 -3.85125e-08 1.8375
0.00048118 8.41969e-06 0.000163599 -3.15245e-08 1.85
0.000484673 -4.35847e-06 0.00016355 -3.39996e-08 1.8625
0.000480176 2.28406e-06 0.0001635 -3.17697e-08 1.875
0.000479611 3.27184e-06 0.000163449 -2.95058e-08 1.8875
0.000482974 1.92951e-06 0.000163402 -2.83586e-08 1.9
0.000481174 -1.72497e-06 0.000163354 -2.98386e-08 1.9125
0.0004778 2.82047e-06 0.000163305 -2.82507e-08 1.925
0.0004786 2.64038e-06 0.000163256 -2.73596e-08 1.9375
0.00047415 8.97566e-07 0.000163206 -2.82258e-08 1.95
0.000475663 1.66735e-06 0.000163157 -2.87377e-08 1.9625
0.000477697 4.331e-06 0.00016311 -2.72928e-08 1.975
0.000475958 3.23708e-06 0.000163062 -2.66682e-08 1.9875
0.000474501 5.75396e-06 0.000163014 -2.45948e-08 2
0.000469411 9.48514e-06 0.000162963 -2.0076e-08 2.0125
0.000471145 3.55719e-06 0.000162915 -2.01811e-08 2.025
0.000474887 -5.47242e-07 0.000162869 -2.32144e-08 2.0375
0.000476178 4.41166e-06 0.000162824 -2.25661e-08 2.05
0.000474018 6.34293e-06 0.000162779 -2.10395e-08 2.0625
0.000470891 5.78819e-06 0.000162732 -2.00573e-08 2.075
0.000470832 5.62829e-06 0.000162686 -1.94099e-08 2.0875
0.000472992 7.60458e-06 0.000162642 -1.85828e-08 2.1
0.000473578 8.11136e-06 0.000162599 -1.65623e-08 2.1125
0.000472851 5.3152e-06 0.000162556 -1.6556e-08 2.125
0.000475489 8.6776e-06 0.000162515 -1.42935e-08 2.1375
0.00047878 6.83152e-06 0.000162477 -1.36711e-08 2.15
0.000478976 1.03536e-05 0.00016244 -1.14329e-08 2.1625
0.000480331 1.08494e-05 0.000162404 -9.64334e-09 2.175
0.00048038 7.53242e-06 0.000162369 -9.85118e-09 2.1875
0.000479579 7.60514e-06 0.000162334 -1.01079e-08 2.2
0.000478039 1.33039e-05 0.000162298 -6.83386e-09 2.2125
0.000480114 9.31874e-06 0.000162265 -6.76313e-09 2.225
0.00047728 1.13211e-05 0.00016223 -5.23399e-09 2.2375
0.000473074 8.51298e-06 0.000162194 -6.22312e-09 2.25
0.000470338 9.95067e-06 0.000162156 -6.10008e-09 2.2625
0.000463646 6.60569e-06 0.000162115 -8.60675e-09 2.275
0.000463142 9.02824e-06 0.000162074 -9.43554e-09 2.2875
0.000459195 1.05176e-05 0.000162031 -9.6184e-09 2.3
0.000458471 5.59711e-06 0.000161989 -1.31374e-08 2.3125
0.000450033 7.3841e-06 0.000161942 -1.53439e-08 2.325
0.000452655 6.91226e-06 0.000161897 -1.82875e-08 2.3375
0.00045636 7.81274e-06 0.000161855 -2.04722e-08 2.35
0.000453648 1.08632e-05 0.000161812 -2.07961e-08 2.3625
0.000451489 8.47583e-06 0.000161768 -2.2905e-08 2.375
0.000451432 8.93516e-06 0.000161724 -2.44653e-08 2.3875
0.000455273 8.31545e-06 0.000161684 -2.70288e-08 2.4
0.000455231 1.008e-05 0.000161644 -2.88162e-08 2.4125
0.000454736 1.22662e-05 0.000161605 -2.88415e-08 2.425
0.000457695 9.10272e-06 0.000161568 -3.1343e-08 2.4375
0.000457957 1.03224e-05 0.000161531 -3.30262e-08 2.45
0.000458957 9.28865e-06 0.000161496 -3.55261e-08 2.4625
0.000459774 1.13674e-05 0.000161462 -3.67176e-08 2.475
0.000459511 1.55579e-05 0.000161427 -3.49874e-08 2.4875
0.000462136 1.19248e-05 0.000161396 -3.6188e-08 2.5
0.00046639 9.93907e-06 0.000161367 -3.8816e-08 2.5125
0.000467859 1.64903e-05 0.000161339 -3.68157e-08 2.525
0.00047633 1.26179e-05 0.000161318 -3.82401e-08 2.5375
0.000477979 2.02749e-05 0.000161298 -3.39089e-08 2.55
0.00048266 2.0567e-05 0.000161281 -3.05735e-08 2.5625
0.000485462 1.59569e-05 0.000161267 -2.96975e-08 2.575
0.000491255 1.53691e-05 0.000161257 -2.9226e-08 2.5875
0.000494144 2.08991e-05 0.000161249 -2.49904e-08 2.6
0.000493032 2.01341e-05 0.00016124 -2.16507e-08 2.6125
0.000490578 2.01036e-05 0.000161231 -1.84329e-08 2.625
0.000488932 1.82058e-05 0.000161221 -1.6671e-08 2.6375
0.000486155 1.69557e-05 0.00016121 -1.59321e-08 2.65
0.000480682 1.62374e-05 0.000161196 -1.57849e-08 2.6625
0.00047267 1.78891e-05 0.000161177 -1.46776e-08 2.675
0.000468047 1.56709e-05 0.000161156 -1.53519e-08 2.6875
0.00046362 1.64404e-05 0.000161133 -1.54181e-08 2.7
0.000456192 1.53933e-05 0.000161106 -1.63495e-08 2.7125
0.000446666 1.23561e-05 0.000161073 -1.95012e-08 2.725
0.000443121 1.14747e-05 0.000161038 -2.32428e-08 2.7375
0.000435893 1.29362e-05 0.000161 -2.54423e-08 2.75
0.000436913 1.6251e-05 0.000160963 -2.52357e-08 2.7625
0.000434044 1.49736e-05 0.000160925 -2.65801e-08 2.775
0.000432034 1.28248e-05 0.000160886 -2.94229e-08 2.7875
0.000429351 1.22555e-05 0.000160846 -3.25485e-08 2.8
0.000428597 1.13884e-05 0.000160806 -3.64082e-08 2.8125
0.000428983 1.45744e-05 0.000160767 -3.80062e-08 2.825
0.000425523 1.26277e-05 0.000160726 -4.04476e-08 2.8375
0.000426121 1.56359e-05 0.000160687 -4.11183e-08 2.85
0.000428122 1.4058e-05 0.000160649 -4.3041e-08 2.8625
0.000427435 1.25831e-05 0.000160611 -4.60404e-08 2.875
0.000427407 1.53036e-05 0.000160574 -4.70342e-08 2.8875
0.000428335 1.6536e-05 0.000160537 -4.72602e-08 2.9
0.000430427 1.72454e-05 0.000160503 -4.71373e-08 2.9125
0.000433323 1.87045e-05 0.000160471 -4.60418e-08 2.925
0.00043358 1.80756e-05 0.000160439 -4.55821e-08 2.9375
0.000434302 1.71212e-05 0.000160408 -4.59562e-08 2.95
0.000437485 1.74415e-05 0.00016038 -4.62066e-08 2.9625
0.000443188 2.5239e-05 0.000160356 -4.10536e-08 2.975
0.000443191 1.92044e-05 0.000160331 -4.06393e-08 2.9875
0.000443408 2.32619e-05 0.000160307 -3.72176e-08 3
0.000448158 2.09485e-05 0.000160287 -3.58775e-08 3.0125
0.000451958 2.386e-05 0.000160269 -3.24825e-08 3.025
0.000455823 2.62393e-05 0.000160254 -2.77552e-08 3.0375
0.000458993 2.7207e-05 0.00016024 -2.26627e-08 3.05
0.000463244 2.65133e-05 0.00016023 -1.83116e-08 3.0625
0.000469498 2.74906e-05 0.000160224 -1.34503e-08 3.075
0.00047624 2.99891e-05 0.000160222 -7.11421e-09 3.0875
0.00048185 3.18445e-05 0.000160224 2.69636e-10 3.1
0.000486104 3.25509e-05 0.000160229 7.69337e-09 3.1125
0.000490198 3.31477e-05 0.000160236 1.53496e-08 3.125
0.000496007 3.25264e-05 0.000160247 2.16903e-08 3.1375
0.000499995 3.43004e-05 0.000160261 2.90356e-08 3.15
0.000500065 3.84205e-05 0.000160274 3.86327e-08 3.1625
0.000500604 3.59838e-05 0.000160288 4.65086e-08 3.175
0.00049995 3.55998e-05 0.000160302 5.38866e-08 3.1875
0.000498461 3.38607e-05 0.000160315 5.96287e-08 3.2
0.000495181 3.50843e-05 0.000160325 6.61858e-08 3.2125
0.000488496 3.55111e-05 0.000160331 7.2476e-08 3.225
0.000482832 3.50191e-05 0.000160334 7.82375e-08 3.2375
0.000477755 3.22955e-05 0.000160334 8.16976e-08 3.25
0.000470656 3.14531e-05 0.000160329 8.44877e-08 3.2625
0.000462961 3.12621e-05 0.000160319 8.68326e-08 3.275
0.00045574 3.07256e-05 0.000160305 8.84339e-08 3.2875
0.000445991 2.97517e-05 0.000160284 8.91188e-08 3.3
0.000435872 2.71611e-05 0.000160257 8.78981e-08 3.3125
0.000427929 2.7183e-05 0.000160225 8.66882e-08 3.325
0.000421602 2.72563e-05 0.000160189 8.52589e-08 3.3375
0.000417538 2.50689e-05 0.000160151 8.21107e-08 3.35
0.000415712 2.56744e-05 0.000160111 7.93939e-08 3.3625
0.000412796 2.57306e-05 0.00016007 7.6505e-08 3.375
0.000411937 2.52187e-05 0.000160028 7.31534e-08 3.3875
0.000411084 2.56642e-05 0.000159986 7.00448e-08 3.4
0.000409984 2.49024e-05 0.000159944 6.63619e-08 3.4125
0.000409554 2.50917e-05 0.000159901 6.271e-08 3.425
0.000410216 2.52352e-05 0.000159859 5.90435e-08 3.4375
0.000411615 2.71793e-05 0.000159818 5.67006e-08 3.45
0.000414401 2.91418e-05 0.00015978 5.55702e-08 3.4625
0.000417317 2.56756e-05 0.000159743 5.18826e-08 3.475
0.000420727 2.69211e-05 0.000159709 4.92333e-08 3.4875
0.000423294 2.6939e-05 0.000159676 4.64012e-08 3.5
0.000425978 2.98993e-05 0.000159646 4.55043e-08 3.5125
0.000430195 3.1157e-05 0.000159619 4.53615e-08 3.525
0.00043561 3.04617e-05 0.000159595 4.46419e-08 3.5375
0.000441337 2.90947e-05 0.000159575 4.28639e-08 3.55
0.000444869 3.22241e-05 0.000159558 4.33153e-08 3.5625
0.000449436 3.62585e-05 0.000159544 4.63906e-08 3.575
0.000458875 3.39003e-05 0.000159537 4.7515e-08 3.5875
0.000467702 3.44869e-05 0.000159535 4.90765e-08 3.6
0.000476276 3.81754e-05 0.000159539 5.30634e-08 3.6125
0.000483107 3.88845e-05 0.000159548 5.72396e-08 3.625
0.000488622 3.78253e-05 0.00015956 6.05247e-08 3.6375
0.0004943 4.08016e-05 0.000159577 6.57742e-08 3.65
0.000499196 3.82818e-05 0.000159597 6.89067e-08 3.6625
0.000502697 4.18667e-05 0.000159619 7.45709e-08 3.675
0.000504583 4.23557e-05 0.000159643 8.02777e-08 3.6875
0.000505825 4.07316e-05 0.000159668 8.45231e-08 3.7
0.000506179 3.77195e-05 0.000159694 8.66523e-08 3.7125
0.000506312 4.29097e-05 0.00015972 9.22761e-08 3.725
0.000502338 3.99875e-05 0.000159743 9.55632e-08 3.7375
0.000498607 4.05975e-05 0.000159765 9.93138e-08 3.75
0.000494587 3.8548e-05 0.000159784 1.01384e-07 3.7625
0.000489519 3.69949e-05 0.0001598 1.0231e-07 3.775
0.000483838 3.66443e-05 0.000159813 1.02968e-07 3.7875
0.000475403 3.58328e-05 0.00015982 1.02939e-07 3.8
0.000469419 3.52255e-05 0.000159825 1.02441e-07 3.8125
0.000464326 3.35988e-05 0.000159826 1.00745e-07 3.825
0.000460179 3.08651e-05 0.000159824 9.71406e-08 3.8375
0.000452596 3.32158e-05 0.000159818 9.53479e-08 3.85
0.000443844 3.03425e-05 0.000159806 9.14903e-08 3.8625
0.000435625 2.88838e-05 0.00015979 8.6741e-08 3.875
0.00042954 2.80505e-05 0.00015977 8.14096e-08 3.8875
0.000425875 2.63152e-05 0.000159747 7.51124e-08 3.9
0.000426167 3.3218e-05 0.000159725 7.38361e-08 3.9125
0.000425121 2.78398e-05 0.000159703 6.86905e-08 3.925
0.000424826 2.64428e-05 0.00015968 6.28654e-08 3.9375
0.000423468 2.89824e-05 0.000159657 5.90363e-08 3.95
0.000421191 2.79e-05 0.000159633 5.44569e-08 3.9625
0.000419526 2.67006e-05 0.000159608 4.90892e-08 3.975
0.000420744 2.59352e-05 0.000159583 4.34448e-08 3.9875
0.000421923 3.13599e-05 0.00015956 4.18822e-08 4
0.000423059 3.14707e-05 0.000159537 4.0315e-08 4.0125
0.000424332 2.77804e-05 0.000159516 3.63493e-08 4.025
0.000426451 2.90406e-05 0.000159496 3.34111e-08 4.0375
0.0004285 3.10547e-05 0.000159477 3.18602e-08 4.05
0.000430054 2.85726e-05 0.00015946 2.87203e-08 4.0625
0.00043164 3.34894e-05 0.000159443 2.91129e-08 4.075
0.000434275 3.01852e-05 0.000159429 2.70511e-08 4.0875
0.000436591 3.1011e-05 0.000159416 2.58368e-08 4.1
0.000438669 3.47574e-05 0.000159405 2.73074e-08 4.1125
0.000440384 3.5379e-05 0.000159394 2.9173e-08 4.125
0.000441695 3.31807e-05 0.000159385 2.93953e-08 4.1375
0.000442152 3.34176e-05 0.000159376 2.99363e-08 4.15
0.000442538 3.34728e-05 0.000159367 3.03535e-08 4.1625
0.00044314 3.74289e-05 0.000159359 3.358e-08 4.175
0.000447252 3.80446e-05 0.000159353 3.72296e-08 4.1875
0.000453507 3.8561e-05 0.000159352 4.12863e-08 4.2
0.000459848 3.96897e-05 0.000159354 4.58967e-08 4.2125
0.000465422 3.58992e-05 0.00015936 4.76823e-08 4.225
0.000467044 4.17612e-05 0.000159367 5.35177e-08 4.2375
0.000471757 3.93038e-05 0.000159377 5.71732e-08 4.25
0.000474078 4.08527e-05 0.000159389 6.17288e-08 4.2625
0.000472092 4.14248e-05 0.000159399 6.64422e-08 4.275
0.000471248 3.80679e-05 0.000159408 6.871e-08 4.2875
0.000473761 4.29717e-05 0.00015942 7.4295e-08 4.3
0.000475 4.22196e-05 0.000159432 7.90158e-08 4.3125
0.000473633 4.20273e-05 0.000159443 8.35342e-08 4.325
0.000471454 4.15768e-05 0.000159453 8.755e-08 4.3375
0.000470021 3.97978e-05 0.000159461 9.01269e-08 4.35
0.000467714 4.32969e-05 0.000159468 9.48103e-08 4.3625
0.000463256 3.74833e-05 0.000159473 9.594e-08 4.375
0.000459238 4.09121e-05 0.000159475 9.94562e-08 4.3875
0.000454731 3.84546e-05 0.000159473 1.00895e-07 4.4
0.000450586 3.89451e-05 0.00015947 1.0249e-07 4.4125
0.000447831 3.82091e-05 0.000159464 1.03418e-07 4.425
0.000444709 3.56263e-05 0.000159456 1.0254e-07 4.4375
0.000440155 3.89072e-05 0.000159446 1.03913e-07 4.45
0.000436009 3.66286e-05 0.000159433 1.0364e-07 4.4625
0.00043217 3.65255e-05 0.000159417 1.03369e-07 4.475
0.000429587 3.56101e-05 0.0001594 1.02505e-07 4.4875
0.000424949 3.39605e-05 0.00015938 1.00404e-07 4.5
0.00042278 3.6279e-05 0.000159358 1e-07 4.5125
0.000423238 3.52999e-05 0.000159337 9.88826e-08 4.525
0.000425111 3.62974e-05 0.000159317 9.86092e-08 4.5375
0.000427085 3.71682e-05 0.000159298 9.90008e-08 4.55
0.000427737 3.35916e-05 0.000159279 9.68544e-08 4.5625
0.000426329 3.44485e-05 0.00015926 9.54843e-08 4.575
0.000424261 3.67926e-05 0.000159239 9.59182e-08 4.5875
0.000426017 3.78648e-05 0.000159219 9.70894e-08 4.6
0.000427383 3.4997e-05 0.000159201 9.63357e-08 4.6125
0.000428793 3.63577e-05 0.000159183 9.6714e-08 4.625
0.000430305 3.4338e-05 0.000159166 9.53374e-08 4.6375
0.000431116 3.30867e-05 0.00015915 9.34272e-08 4.65
0.000431027 3.80052e-05 0.000159133 9.50152e-08 4.6625
0.000431004 3.7522e-05 0.000159117 9.62778e-08 4.675
0.000431257 3.70139e-05 0.000159101 9.72478e-08 4.6875
0.000432926 3.65625e-05 0.000159086 9.79262e-08 4.7
0.000432578 3.57906e-05 0.000159071 9.8026e-08 4.7125
0.000434775 3.64602e-05 0.000159057 9.86242e-08 4.725
0.000438057 3.73504e-05 0.000159045 9.99843e-08 4.7375
0.000441128 4.02221e-05 0.000159036 1.03388e-07 4.75
0.000440856 3.72214e-05 0.000159026 1.04676e-07 4.7625
0.000440669 3.68325e-05 0.000159016 1.05725e-07 4.775
0.000441118 3.55985e-05 0.000159006 1.05781e-07 4.7875
0.000441883 3.52621e-05 0.000158997 1.05691e-07 4.8
0.00044373 4.10493e-05 0.000158989 1.09678e-07 4.8125
0.000448071 3.82339e-05 0.000158984 1.11596e-07 4.825
0.00045175 3.97656e-05 0.000158982 1.14794e-07 4.8375
0.000454885 3.88012e-05 0.000158981 1.17241e-07 4.85
0.000456834 3.77318e-05 0.000158982 1.18962e-07 4.8625
0.000456268 3.91236e-05 0.000158982 1.21701e-07 4.875
0.000456394 4.01792e-05 0.000158983 1.25219e-07 4.8875
0.000456346 4.16095e-05 0.000158983 1.29812e-07 4.9
0.00045802 4.01608e-05 0.000158986 1.33299e-07 4.9125
0.000459055 3.76925e-05 0.000158988 1.35064e-07 4.925
0.000460394 3.81933e-05 0.000158992 1.37186e-07 4.9375
0.0004604 3.8232e-05 0.000158996 1.39166e-07 4.95
0.000459972 3.72501e-05 0.000159 1.40498e-07 4.9625
0.000460187 4.10047e-05 0.000159004 1.44496e-07 4.975
0.00045926 3.59715e-05 0.000159007 1.44788e-07 4.9875
0.000456671 3.77614e-05 0.00015901 1.46589e-07 5
0.000454188 3.70601e-05 0.00015901 1.4775e-07 5.0125
0.000449638 3.57285e-05 0.000159008 1.48042e-07 5.025
0.000446672 3.485e-05 0.000159005 1.47761e-07 5.0375
0.000444688 3.65178e-05 0.000159001 1.48862e-07 5.05
0.000445996 3.5915e-05 0.000158997 1.4943e-07 5.0625
0.000446517 3.27467e-05 0.000158994 1.4795e-07 5.075
0.000445833 3.32486e-05 0.000158991 1.46878e-07 5.0875
0.000443043 3.17141e-05 0.000158986 1.44645e-07 5.1
0.000436646 2.84271e-05 0.000158977 1.40227e-07 5.1125
0.000431144 3.26286e-05 0.000158966 1.39018e-07 5.125
0.000425691 3.02765e-05 0.00015895 1.3616e-07 5.1375
0.000421053 3.06391e-05 0.000158932 1.33735e-07 5.15
0.000420597 2.87421e-05 0.000158914 1.30015e-07 5.1625
0.000422174 3.09633e-05 0.000158897 1.28105e-07 5.175
0.000423873 2.94786e-05 0.000158882 1.2517e-07 5.1875
0.000426236 2.93135e-05 0.000158868 1.22379e-07 5.2
0.000427084 2.9078e-05 0.000158854 1.19609e-07 5.2125
0.00042587 2.78776e-05 0.00015884 1.16161e-07 5.225
0.000423095 2.99504e-05 0.000158825 1.14368e-07 5.2375
0.000422465 2.75353e-05 0.00015881 1.10926e-07 5.25
0.000422852 2.86106e-05 0.000158795 1.0847e-07 5.2625
0.000424332 2.91898e-05 0.000158781 1.06568e-07 5.275
0.000426231 2.87327e-05 0.000158768 1.04491e-07 5.2875
0.00042687 2.85196e-05 0.000158756 1.02366e-07 5.3
0.000427234 2.6218e-05 0.000158744 9.87733e-08 5.3125
0.000426418 3.08318e-05 0.000158732 9.87447e-08 5.325
0.000425348 2.82095e-05 0.00015872 9.66746e-08 5.3375
0.00042657 2.95542e-05 0.000158708 9.58757e-08 5.35
0.000428482 2.93828e-05 0.000158698 9.49756e-08 5.3625
0.000430042 2.88196e-05 0.000158689 9.38746e-08 5.375
0.000429501 2.94296e-05 0.00015868 9.33478e-08 5.3875
0.000430572 3.10456e-05 0.000158672 9.4025e-08 5.4
0.000432347 3.07474e-05 0.000158665 9.45693e-08 5.4125
0.000435489 2.95492e-05 0.00015866 9.42986e-08 5.425
0.00043765 2.7968e-05 0.000158657 9.33556e-08 5.4375
0.000437011 2.58363e-05 0.000158653 9.06087e-08 5.45
0.000437124 3.0784e-05 0.000158649 9.13114e-08 5.4625
0.000435727 3.05666e-05 0.000158645 9.20123e-08 5.475
0.000435906 3.24755e-05 0.000158641 9.40821e-08 5.4875
0.000437779 2.99555e-05 0.000158639 9.42223e-08 5.5
0.000441327 2.95398e-05 0.000158639 9.43091e-08 5.5125
0.000444637 3.09006e-05 0.000158641 9.52575e-08 5.525
0.000448151 3.12178e-05 0.000158645 9.63851e-08 5.5375
0.000451716 3.26654e-05 0.000158652 9.86217e-08 5.55
0.000455767 3.32678e-05 0.000158662 1.01233e-07 5.5625
0.000458136 3.23471e-05 0.000158673 1.03248e-07 5.575
0.000458795 3.16382e-05 0.000158685 1.04771e-07 5.5875
0.000458621 3.12295e-05 0.000158697 1.06075e-07 5.6
0.000457106 3.2892e-05 0.000158708 1.08494e-07 5.6125
0.000455607 3.35151e-05 0.000158718 1.11129e-07 5.625
0.000457377 3.36667e-05 0.000158729 1.14093e-07 5.6375
0.000459099 3.38352e-05 0.000158742 1.16559e-07 5.65
0.000460495 3.19266e-05 0.000158756 1.18197e-07 5.6625
0.000460451 3.33057e-05 0.000158769 1.21011e-07 5.675
0.000460256 3.69482e-05 0.000158783 1.26301e-07 5.6875
0.00045976 3.12634e-05 0.000158796 1.27302e-07 5.7
0.000459936 2.92252e-05 0.00015881 1.27104e-07 5.7125
0.000459969 3.2212e-05 0.000158824 1.28916e-07 5.725
0.000458306 3.24106e-05 0.000158837 1.30799e-07 5.7375
0.00045667 3.35237e-05 0.000158848 1.3337e-07 5.75
0.000454398 2.99414e-05 0.000158859 1.33529e-07 5.7625
0.000452213 3.0614e-05 0.000158868 1.34341e-07 5.775
0.000449546 3.27114e-05 0.000158875 1.36522e-07 5.7875
0.000447999 2.90892e-05 0.000158881 1.36141e-07 5.8
0.000445331 3.15125e-05 0.000158886 1.37683e-07 5.8125
0.000444975 2.74753e-05 0.000158891 1.36093e-07 5.825
0.000440768 3.26643e-05 0.000158892 1.3867e-07 5.8375
0.000440382 2.79378e-05 0.000158894 1.37521e-07 5.85
0.000439884 2.46837e-05 0.000158896 1.34415e-07 5.8625
0.000437617 2.77892e-05 0.000158896 1.33583e-07 5.875
0.000434439 2.82659e-05 0.000158893 1.33137e-07 5.8875
0.000429845 2.94906e-05 0.000158888 1.33751e-07 5.9
0.000428361 2.69774e-05 0.000158883 1.32436e-07 5.9125
0.000423947 2.74778e-05 0.000158874 1.31854e-07 5.925
0.000424221 2.45816e-05 0.000158866 1.28972e-07 5.9375
0.00042743 2.31005e-05 0.000158859 1.25178e-07 5.95
0.000426415 2.35205e-05 0.000158852 1.21882e-07 5.9625
0.000426136 2.87338e-05 0.000158845 1.2215e-07 5.975
0.000424183 2.57361e-05 0.000158836 1.20338e-07 5.9875
0.000424592 2.35808e-05 0.000158828 1.17254e-07 6
0.000421425 2.57863e-05 0.000158818 1.15857e-07 6.0125
0.000420615 2.32307e-05 0.000158807 1.12623e-07 6.025
0.000419746 2.44397e-05 0.000158796 1.10459e-07 6.0375
0.000420758 2.4933e-05 0.000158786 1.08774e-07 6.05
0.000421324 2.55488e-05 0.000158776 1.07607e-07 6.0625
0.000423335 2.76404e-05 0.000158767 1.0792e-07 6.075
0.000423611 2.06397e-05 0.000158759 1.03093e-07 6.0875
0.000421059 2.36871e-05 0.000158748 1.01007e-07 6.1
0.000423224 2.64308e-05 0.00015874 1.00592e-07 6.1125
0.000424899 2.34849e-05 0.000158732 9.81423e-08 6.125
0.00042568 2.05751e-05 0.000158725 9.38815e-08 6.1375
0.000427252 2.53874e-05 0.00015872 9.34161e-08 6.15
0.00042626 2.72547e-05 0.000158713 9.39385e-08 6.1625
0.00042678 2.95736e-05 0.000158707 9.61992e-08 6.175
0.000427585 2.08757e-05 0.000158702 9.23984e-08 6.1875
0.000425798 2.49174e-05 0.000158696 9.19063e-08 6.2
0.000427941 2.45222e-05 0.000158691 9.07615e-08 6.2125
0.000432664 2.18826e-05 0.000158689 8.78862e-08 6.225
0.000433097 2.17893e-05 0.000158687 8.51216e-08 6.2375
0.000433715 2.96911e-05 0.000158686 8.78133e-08 6.25
0.000435227 2.48335e-05 0.000158686 8.69635e-08 6.2625
0.0004354 2.29143e-05 0.000158687 8.51226e-08 6.275
0.000435673 2.48073e-05 0.000158687 8.46158e-08 6.2875
0.000434753 2.78935e-05 0.000158687 8.6307e-08 6.3
0.000435163 2.77957e-05 0.000158687 8.78397e-08 6.3125
0.000437801 2.4599e-05 0.00015869 8.71402e-08 6.325
0.000439282 2.02982e-05 0.000158693 8.37397e-08 6.3375
0.000439714 2.84367e-05 0.000158696 8.61892e-08 6.35
0.000441453 2.7588e-05 0.000158701 8.75223e-08 6.3625
0.000441753 2.40773e-05 0.000158705 8.66522e-08 6.375
0.000443359 2.59666e-05 0.000158711 8.71241e-08 6.3875
0.000446388 2.59164e-05 0.000158719 8.76265e-08 6.4
0.000449826 2.67164e-05 0.00015873 8.86401e-08 6.4125
0.000451457 2.63718e-05 0.000158741 8.94364e-08 6.425
0.000452023 2.5407e-05 0.000158752 8.95853e-08 6.4375
0.000450546 2.56975e-05 0.000158763 9.00673e-08 6.45
0.000447856 3.39465e-05 0.000158772 9.64553e-08 6.4625
0.000450809 2.60789e-05 0.000158783 9.68422e-08 6.475
0.00045183 2.32227e-05 0.000158795 9.57866e-08 6.4875
0.000453187 2.39561e-05 0.000158807 9.51619e-08 6.5
0.00045243 4.15846e-05 0.00015882 1.06931e-07 6.5125
0.000447766 2.01221e-05 0.000158828 1.0284e-07 6.525
0.000450104 1.87165e-05 0.000158839 9.86464e-08 6.5375
0.000450127 -3.8971e-06 0.00015885 7.8999e-08 6.55
0.000451811 3.74702e-05 0.000158862 8.91127e-08 6.5625
0.000453706 4.65312e-05 0.000158875 1.03465e-07 6.575
0.000457505 3.27451e-05 0.000158891 1.08039e-07 6.5875
0.000460676 1.6482e-05 0.000158908 1.0236e-07 6.6
0.00044979 2.32606e-05 0.000158918 1.0165e-07 6.6125
0.000442406 2.60007e-05 0.000158924 1.02198e-07 6.625
0.000439485 2.85872e-05 0.000158929 1.04524e-07 6.6375
0.000442243 2.94524e-05 0.000158935 1.07614e-07 6.65
0.000443292 2.18834e-05 0.000158942 1.05427e-07 6.6625
0.000443588 2.38142e-05 0.000158949 1.04992e-07 6.675
0.000440291 3.02812e-05 0.000158953 1.09105e-07 6.6875
0.000436087 2.34038e-05 0.000158955 1.07792e-07 6.7
0.000438483 1.57467e-05 0.000158959 1.01843e-07 6.7125
0.000435612 2.46568e-05 0.000158961 1.02167e-07 6.725
0.000434304 2.5821e-05 0.000158962 1.02829e-07 6.7375
0.000435549 2.6536e-05 0.000158964 1.03891e-07 6.75
0.000431424 1.75041e-05 0.000158963 9.88126e-08 6.7625
0.000428238 2.03749e-05 0.000158961 9.6449e-08 6.775
0.000424867 2.57953e-05 0.000158956 9.73778e-08 6.7875
0.000424224 2.4713e-05 0.000158951 9.7472e-08 6.8
0.000424024 2.40862e-05 0.000158946 9.69952e-08 6.8125
0.000425374 1.68165e-05 0.000158941 9.16901e-08 6.825
0.000425592 2.17423e-05 0.000158937 9.02561e-08 6.8375
0.000425074 2.61803e-05 0.000158932 9.18377e-08 6.85
0.000421418 2.55369e-05 0.000158925 9.26363e-08 6.8625
0.000419492 2.14841e-05 0.000158917 9.07814e-08 6.875
0.00041835 2.07732e-05 0.000158908 8.81815e-08 6.8875
0.000419682 2.2538e-05 0.0001589 8.72845e-08 6.9
0.000426685 1.88575e-05 0.000158897 8.37171e-08 6.9125
0.000420776 2.32756e-05 0.000158889 8.31642e-08 6.925
0.000414996 2.82029e-05 0.000158878 8.60762e-08 6.9375
0.000416894 1.9187e-05 0.000158868 8.24561e-08 6.95
0.000420031 1.68381e-05 0.00015886 7.74204e-08 6.9625
0.000422796 1.90554e-05 0.000158854 7.43277e-08 6.975
0.000422529 2.78504e-05 0.000158848 7.71243e-08 6.9875
0.000421468 1.96864e-05 0.00015884 7.42358e-08 7
0.000419844 2.28566e-05 0.000158832 7.36037e-08 7.0125
0.000418923 2.1205e-05 0.000158824 7.16786e-08 7.025
0.00042231 1.99938e-05 0.000158817 6.91221e-08 7.0375
0.000421407 2.26688e-05 0.00015881 6.83642e-08 7.05
0.000424545 2.335e-05 0.000158805 6.78297e-08 7.0625
0.000422159 1.74424e-05 0.000158798 6.34836e-08 7.075
0.000422512 2.19759e-05 0.000158792 6.19745e-08 7.0875
0.000426263 1.98667e-05 0.000158788 5.90846e-08 7.1
0.000429545 2.2395e-05 0.000158787 5.8155e-08 7.1125
0.000429334 2.65448e-05 0.000158785 6.01796e-08 7.125
0.000425718 2.08103e-05 0.00015878 5.77873e-08 7.1375
0.000423368 2.42368e-05 0.000158775 5.82902e-08 7.15
0.000427518 2.4816e-05 0.000158772 5.89574e-08 7.1625
0.000429592 1.67936e-05 0.000158771 5.36313e-08 7.175
0.000430839 2.2819e-05 0.00015877 5.34117e-08 7.1875
0.000431436 2.57042e-05 0.00015877 5.46069e-08 7.2
0.000432056 2.70503e-05 0.00015877 5.66419e-08 7.2125
0.000430778 2.76253e-05 0.00015877 5.92828e-08 7.225
0.000430095 1.89141e-05 0.000158769 5.57381e-08 7.2375
0.00043081 2.31574e-05 0.000158769 5.54657e-08 7.25
0.000431588 2.49506e-05 0.000158769 5.57917e-08 7.2625
0.000434807 2.38629e-05 0.000158772 5.62757e-08 7.275
0.000431604 2.17017e-05 0.000158772 5.45264e-08 7.2875
0.000433151 2.86061e-05 0.000158774 5.77473e-08 7.3
0.00043458 2.34097e-05 0.000158776 5.71359e-08 7.3125
0.000439627 2.87441e-05 0.000158782 6.04251e-08 7.325
0.000439525 1.9598e-05 0.000158788 5.70431e-08 7.3375
0.000439904 2.62844e-05 0.000158794 5.86085e-08 7.35
0.000440812 1.59124e-05 0.0001588 5.25835e-08 7.3625
0.000436015 2.79671e-05 0.000158804 5.5857e-08 7.375
0.000440031 3.40844e-05 0.00015881 6.20576e-08 7.3875
0.000439029 2.27315e-05 0.000158816 6.08953e-08 7.4
0.000438193 2.28664e-05 0.000158821 6.00952e-08 7.4125
0.000439322 2.52413e-05 0.000158827 6.05649e-08 7.425
0.000439678 2.61928e-05 0.000158833 6.15669e-08 7.4375
0.000439381 2.32084e-05 0.000158839 6.04049e-08 7.45
0.00043957 2.89873e-05 0.000158845 6.35099e-08 7.4625
0.000441438 2.33364e-05 0.000158852 6.23003e-08 7.475
0.000440611 2.31756e-05 0.000158859 6.14338e-08 7.4875
0.000437757 2.91964e-05 0.000158864 6.46226e-08 7.5
0.000437955 2.68425e-05 0.000158869 6.57737e-08 7.5125
0.000437502 2.51198e-05 0.000158874 6.57376e-08 7.525
0.000438281 2.34163e-05 0.000158879 6.46471e-08 7.5375
0.000440859 2.67383e-05 0.000158886 6.579e-08 7.55
0.000437156 1.75959e-05 0.000158891 6.06135e-08 7.5625
0.000435994 2.57808e-05 0.000158895 6.14269e-08 7.575
0.000434835 2.99978e-05 0.000158898 6.48059e-08 7.5875
0.000435012 2.41951e-05 0.000158901 6.3892e-08 7.6
0.000434929 2.48909e-05 0.000158905 6.37247e-08 7.6125
0.000432699 2.49426e-05 0.000158906 6.34373e-08 7.625
0.000430892 2.25574e-05 0.000158907 6.14387e-08 7.6375
0.000427335 2.2044e-05 0.000158906 5.92609e-08 7.65
0.000427359 2.57719e-05 0.000158904 5.95589e-08 7.6625
0.000427435 2.13604e-05 0.000158903 5.66855e-08 7.675
0.00042346 2.57714e-05 0.000158899 5.71707e-08 7.6875
0.000423949 2.08618e-05 0.000158895 5.39335e-08 7.7
0.000422026 2.14831e-05 0.000158891 5.13994e-08 7.7125
0.000423085 2.71006e-05 0.000158887 5.26256e-08 7.725
0.000417528 2.78155e-05 0.000158879 5.38423e-08 7.7375
0.000418145 1.85313e-05 0.000158872 4.98343e-08 7.75
0.000415691 1.97234e-05 0.000158863 4.58477e-08 7.7625
0.000413841 2.29228e-05 0.000158854 4.39728e-08 7.775
0.000413365 2.20167e-05 0.000158844 4.17647e-08 7.7875
0.000416322 2.10693e-05 0.000158836 3.89067e-08 7.8
0.000415854 2.182e-05 0.000158827 3.65766e-08 7.8125
0.000413282 2.08342e-05 0.000158817 3.35429e-08 7.825
0.000412018 3.09986e-05 0.000158806 3.75259e-08 7.8375
0.000409427 2.27152e-05 0.000158794 3.51091e-08 7.85
0.00041302 1.71693e-05 0.000158784 2.94312e-08 7.8625
0.000411656 2.04737e-05 0.000158773 2.6588e-08 7.875
0.000407707 2.44268e-05 0.000158759 2.59068e-08 7.8875
0.000405946 1.81932e-05 0.000158745 2.08302e-08 7.9
0.000409549 2.5198e-05 0.000158733 2.03138e-08 7.9125
0.000407353 2.47087e-05 0.000158718 2.01964e-08 7.925
0.000404669 1.93217e-05 0.000158703 1.56959e-08 7.9375
0.000405962 2.12457e-05 0.000158689 1.30136e-08 7.95
0.00040952 2.51271e-05 0.000158676 1.27059e-08 7.9625
0.000407329 2.61232e-05 0.000158662 1.34215e-08 7.975
0.000407916 2.34993e-05 0.000158649 1.19496e-08 7.9875
0.000408637 2.13667e-05 0.000158636 8.96263e-09 8
0.000411015 2.34152e-05 0.000158624 7.77311e-09 8.0125
0.000412076 1.99623e-05 0.000158613 3.93382e-09 8.025
0.000409122 2.2986e-05 0.0001586 2.14857e-09 8.0375
0.000409446 2.40011e-05 0.000158587 8.30117e-10 8.05
0.000413725 2.51214e-05 0.000158577 1.59115e-10 8.0625
0.000413363 2.18121e-05 0.000158567 -2.83166e-09 8.075
0.00041126 3.1448e-05 0.000158555 1.03148e-09 8.0875
0.00041394 1.64634e-05 0.000158546 -6.10605e-09 8.1
0.000412605 2.74426e-05 0.000158535 -4.95529e-09 8.1125
0.00040892 2.04137e-05 0.000158521 -9.36394e-09 8.125
0.000413061 2.93824e-05 0.000158511 -7.3462e-09 8.1375
0.00041691 2.60822e-05 0.000158503 -7.76495e-09 8.15
0.00041928 2.24535e-05 0.000158496 -1.07514e-08 8.1625
0.000419984 2.19407e-05 0.00015849 -1.37953e-08 8.175
0.000419231 2.40775e-05 0.000158483 -1.57486e-08 8.1875
0.000417564 2.77494e-05 0.000158476 -1.50666e-08 8.2
0.00041866 2.52507e-05 0.000158469 -1.63186e-08 8.2125
0.00041945 2.21278e-05 0.000158462 -1.97437e-08 8.225
0.000419588 2.62922e-05 0.000158456 -2.01458e-08 8.2375
0.000421508 3.01898e-05 0.000158451 -1.81336e-08 8.25
0.000420806 2.88929e-05 0.000158445 -1.72997e-08 8.2625
0.000423678 2.21202e-05 0.000158442 -2.11277e-08 8.275
0.000423936 2.55292e-05 0.000158439 -2.26741e-08 8.2875
0.000424263 2.31302e-05 0.000158435 -2.60707e-08 8.3
0.00042649 2.82442e-05 0.000158434 -2.57748e-08 8.3125
0.000421847 3.41273e-05 0.000158429 -2.163e-08 8.325
0.000420473 3.32281e-05 0.000158424 -1.98937e-08 8.3375
0.000425917 1.90743e-05 0.000158423 -2.59339e-08 8.35
0.000426632 1.85888e-05 0.000158422 -3.29074e-08 8.3625
0.000426863 3.08522e-05 0.000158421 -3.1172e-08 8.375
0.00042406 3.68874e-05 0.000158418 -2.57239e-08 8.3875
0.000426367 3.07303e-05 0.000158417 -2.45865e-08 8.4
0.000430114 2.35156e-05 0.000158418 -2.83395e-08 8.4125
0.000431364 2.46426e-05 0.00015842 -3.0923e-08 8.425
0.000432037 3.22689e-05 0.000158423 -2.84048e-08 8.4375
0.000434382 3.28714e-05 0.000158427 -2.58827e-08 8.45
0.00043182 2.726e-05 0.000158429 -2.69825e-08 8.4625
0.00043553 2.99465e-05 0.000158434 -2.60023e-08 8.475
0.000434624 2.26255e-05 0.000158438 -3.02505e-08 8.4875
0.000432992 3.54812e-05 0.000158441 -2.50096e-08 8.5
0.000432786 3.17456e-05 0.000158445 -2.30257e-08 8.5125
0.000436388 3.41539e-05 0.00015845 -1.96275e-08 8.525
0.000436816 2.71811e-05 0.000158455 -2.0504e-08 8.5375
0.000435878 3.17941e-05 0.00015846 -1.85536e-08 8.55
0.000437072 2.24293e-05 0.000158466 -2.29013e-08 8.5625
0.000437803 3.26252e-05 0.000158473 -1.99978e-08 8.575
0.000438796 3.65757e-05 0.000158479 -1.48515e-08 8.5875
0.000438985 3.39594e-05 0.000158486 -1.15478e-08 8.6
0.000438663 2.24193e-05 0.000158493 -1.64232e-08 8.6125
0.000437574 2.97961e-05 0.000158499 -1.55373e-08 8.625
0.000437464 3.4188e-05 0.000158505 -1.21299e-08 8.6375
0.000437627 3.38417e-05 0.000158511 -9.03819e-09 8.65
0.000438013 2.65736e-05 0.000158517 -1.10625e-08 8.6625
0.000440144 2.82627e-05 0.000158525 -1.16515e-08 8.675
0.000438158 3.4796e-05 0.000158532 -7.50834e-09 8.6875
0.000436465 3.17999e-05 0.000158537 -6.13368e-09 8.7
0.000435785 2.72773e-05 0.000158542 -7.64857e-09 8.7125
0.000435425 2.74974e-05 0.000158547 -8.97377e-09 8.725
0.000436862 3.18267e-05 0.000158553 -7.00358e-09 8.7375
0.000437367 3.18052e-05 0.000158559 -5.34573e-09 8.75
0.000437053 3.14308e-05 0.000158565 -4.14456e-09 8.7625
0.000436383 2.73777e-05 0.000158571 -5.46494e-09 8.775
0.000432103 3.4321e-05 0.000158574 -2.5195e-09 8.7875
0.000435587 2.59071e-05 0.000158579 -4.48336e-09 8.8
0.000432068 2.74746e-05 0.000158582 -5.98508e-09 8.8125
0.000430145 3.46238e-05 0.000158584 -2.52882e-09 8.825
0.000428803 3.01724e-05 0.000158585 -2.38578e-09 8.8375
0.000432423 2.57481e-05 0.000158588 -5.06503e-09 8.85
0.00043111 2.62153e-05 0.00015859 -7.16063e-09 8.8625
0.000430952 3.29815e-05 0.000158593 -4.6919e-09 8.875
0.000428157 2.72049e-05 0.000158593 -6.66513e-09 8.8875
0.000426367 2.98069e-05 0.000158593 -6.33491e-09 8.9
0.000424031 2.53537e-05 0.000158591 -9.25457e-09 8.9125
0.000420078 3.44393e-05 0.000158587 -5.71174e-09 8.925
0.000417702 2.43434e-05 0.000158581 -9.61606e-09 8.9375
0.000416918 2.51288e-05 0.000158575 -1.24331e-08 8.95
0.00042008 2.84427e-05 0.00015857 -1.29623e-08 8.9625
0.000423277 3.17203e-05 0.000158568 -1.14504e-08 8.975
0.000422878 2.58192e-05 0.000158566 -1.39382e-08 8.9875
0.0004233 2.74599e-05 0.000158564 -1.5058e-08 9
0.000418363 2.99179e-05 0.000158559 -1.44732e-08 9.0125
0.000417293 2.52905e-05 0.000158553 -1.716e-08 9.025
0.000418945 2.47642e-05 0.000158548 -2.00639e-08 9.0375
0.000417249 2.75583e-05 0.000158543 -2.09839e-08 9.05
0.000414003 3.37821e-05 0.000158535 -1.73855e-08 9.0625
0.000415858 2.61489e-05 0.000158529 -1.98885e-08 9.075
0.00041894 1.62181e-05 0.000158525 -2.87191e-08 9.0875
0.000418723 3.14477e-05 0.000158521 -2.64289e-08 9.1
0.000420221 2.75398e-05 0.000158517 -2.77879e-08 9.1125
0.000418919 2.9926e-05 0.000158513 -2.70635e-08 9.125
0.000418672 3.16608e-05 0.000158509 -2.55649e-08 9.1375
0.000418365 2.66036e-05 0.000158505 -2.74636e-08 9.15
0.000418115 2.60994e-05 0.0001585 -2.95038e-08 9.1625
0.000418793 2.8499e-05 0.000158497 -2.99521e-08 9.175
0.000416232 2.72887e-05 0.000158491 -3.12217e-08 9.1875
0.000418531 2.66434e-05 0.000158488 -3.28738e-08 9.2
0.000423287 2.73108e-05 0.000158487 -3.42167e-08 9.2125
0.000421665 3.02775e-05 0.000158485 -3.3482e-08 9.225
0.000423002 2.50859e-05 0.000158484 -3.66458e-08 9.2375
0.000422299 3.36067e-05 0.000158483 -3.38049e-08 9.25
0.000424727 2.57938e-05 0.000158484 -3.57242e-08 9.2625
0.000420841 3.18165e-05 0.000158481 -3.43904e-08 9.275
0.000419462 2.0717e-05 0.000158479 -4.08562e-08 9.2875
0.000424919 3.0417e-05 0.000158479 -4.03729e-08 9.3
0.000426519 2.46689e-05 0.000158481 -4.32903e-08 9.3125
0.000425741 3.60376e-05 0.000158482 -3.88031e-08 9.325
0.000429777 3.34268e-05 0.000158486 -3.64967e-08 9.3375
0.000429803 2.68442e-05 0.00015849 -3.87936e-08 9.35
0.000427929 2.58458e-05 0.000158493 -4.12373e-08 9.3625
0.000427637 3.23568e-05 0.000158496 -3.94366e-08 9.375
0.000426148 2.8706e-05 0.000158498 -4.05452e-08 9.3875
0.000426674 2.95497e-05 0.0001585 -4.06978e-08 9.4
0.000429599 3.10662e-05 0.000158504 -4.01165e-08 9.4125
0.000430221 3.45954e-05 0.000158509 -3.69298e-08 9.425
0.000431283 2.67595e-05 0.000158514 -3.95719e-08 9.4375
0.000427203 3.1647e-05 0.000158516 -3.84096e-08 9.45
0.000427747 3.28806e-05 0.00015852 -3.69118e-08 9.4625
0.000432115 2.78868e-05 0.000158526 -3.89171e-08 9.475
0.00043185 3.26697e-05 0.000158531 -3.72918e-08 9.4875
0.000431014 2.95661e-05 0.000158536 -3.81711e-08 9.5
0.000432417 2.80995e-05 0.000158542 -4.00272e-08 9.5125
0.000433349 3.54428e-05 0.000158549 -3.65169e-08 9.525
0.000437574 3.60636e-05 0.000158559 -3.29736e-08 9.5375
0.000439754 3.54923e-05 0.00015857 -2.99934e-08 9.55
0.000437964 2.93378e-05 0.000158579 -3.11611e-08 9.5625
0.000437632 2.71172e-05 0.000158589 -3.39602e-08 9.575
0.000432798 2.68754e-05 0.000158595 -3.6873e-08 9.5875
0.000435462 3.64307e-05 0.000158603 -3.30639e-08 9.6
0.000436935 3.40062e-05 0.000158612 -3.13484e-08 9.6125
0.000438364 3.00054e-05 0.000158622 -3.25185e-08 9.625
0.000440712 3.04266e-05 0.000158633 -3.32226e-08 9.6375
0.000436632 2.87123e-05 0.000158641 -3.5315e-08 9.65
0.000433032 3.45242e-05 0.000158648 -3.34659e-08 9.6625
0.000434293 3.47796e-05 0.000158655 -3.16774e-08 9.675
0.000437217 2.71054e-05 0.000158664 -3.47679e-08 9.6875
0.000435467 3.64177e-05 0.000158671 -3.14647e-08 9.7
0.000433536 3.14353e-05 0.000158677 -3.20004e-08 9.7125
0.000436371 3.19122e-05 0.000158686 -3.20564e-08 9.725
0.000435104 3.58178e-05 0.000158693 -2.95344e-08 9.7375
0.000437349 3.80201e-05 0.000158702 -2.60959e-08 9.75
0.000439929 3.18395e-05 0.000158712 -2.59429e-08 9.7625
0.000435439 2.30202e-05 0.000158719 -3.28778e-08 9.775
0.000435984 2.75064e-05 0.000158726 -3.59346e-08 9.7875
0.000435729 3.2172e-05 0.000158734 -3.58393e-08 9.8
0.000431679 3.50041e-05 0.000158738 -3.40147e-08 9.8125
0.000432411 3.32428e-05 0.000158743 -3.34306e-08 9.825
0.000432034 3.58881e-05 0.000158748 -3.07714e-08 9.8375
0.000430364 2.53351e-05 0.000158752 -3.54243e-08 9.85
0.000430231 2.69112e-05 0.000158755 -3.90532e-08 9.8625
0.000428014 3.39822e-05 0.000158757 -3.76803e-08 9.875
0.000431424 3.7567e-05 0.000158761 -3.4107e-08 9.8875
0.000432709 3.04699e-05 0.000158766 -3.57185e-08 9.9
0.000434356 2.40792e-05 0.000158772 -4.13641e-08 9.9125
0.000431802 3.07636e-05 0.000158776 -4.20405e-08 9.925
0.000427292 3.48219e-05 0.000158777 -4.03113e-08 9.9375
0.000424071 2.7265e-05 0.000158777 -4.40218e-08 9.95
0.000423909 2.82505e-05 0.000158776 -4.66348e-08 9.9625
0.000424791 2.75395e-05 0.000158776 -4.98091e-08 9.975
0.00042581 2.86892e-05 0.000158776 -5.20378e-08 9.9875
0.000425845 3.09639e-05 0.000158776 -5.25683e-08 10
0.000422985 2.73871e-05 0.000158774 -5.58866e-08 10.0125
0.000425385 3.30035e-05 0.000158774 -5.51152e-08 10.025
0.000426253 2.40483e-05 0.000158775 -6.04188e-08 10.0375
0.000430364 3.18436e-05 0.000158778 -6.05746e-08 10.05
0.000424834 2.81079e-05 0.000158777 -6.29666e-08 10.0625
0.00042209 2.43115e-05 0.000158775 -6.80661e-08 10.075
0.000418079 2.68518e-05 0.000158771 -7.15146e-08 10.0875
0.000416366 3.02836e-05 0.000158765 -7.2682e-08 10.1
0.000415057 3.14813e-05 0.000158758 -7.29601e-08 10.1125
0.0004169 2.60908e-05 0.000158753 -7.71084e-08 10.125
0.00041622 3.01416e-05 0.000158747 -7.83033e-08 10.1375
0.000418144 2.57848e-05 0.000158743 -8.28598e-08 10.15
0.000419891 1.9886e-05 0.000158739 -9.13366e-08 10.1625
0.000417771 3.10067e-05 0.000158734 -9.14683e-08 10.175
0.000416835 2.29054e-05 0.000158728 -9.82216e-08 10.1875
0.000416538 2.53318e-05 0.000158723 -1.02422e-07 10.2
0.000417197 2.84589e-05 0.000158717 -1.04695e-07 10.2125
0.000416162 3.18989e-05 0.000158711 -1.04922e-07 10.225
0.000422169 2.26918e-05 0.000158709 -1.1194e-07 10.2375
0.000431066 2.15506e-05 0.000158713 -1.1891e-07 10.25
0.000430152 2.96882e-05 0.000158715 -1.20432e-07 10.2625
0.000432883 2.90218e-05 0.00015872 -1.2147e-07 10.275
0.000423709 3.02543e-05 0.000158718 -1.22826e-07 10.2875
0.00041907 3.02216e-05 0.000158715 -1.2415e-07 10.3
0.000419788 1.85927e-05 0.000158711 -1.33484e-07 10.3125
0.000418153 2.369e-05 0.000158707 -1.41677e-07 10.325
0.000417486 3.12687e-05 0.000158702 -1.43498e-07 10.3375
0.000421012 2.60651e-05 0.000158699 -1.49207e-07 10.35
0.000424557 3.08169e-05 0.000158699 -1.50803e-07 10.3625
0.000430927 2.55538e-05 0.000158702 -1.55809e-07 10.375
0.000432909 2.40683e-05 0.000158707 -1.61367e-07 10.3875
0.000429241 3.04092e-05 0.00015871 -1.61368e-07 10.4
0.000422315 3.60918e-05 0.000158708 -1.58586e-07 10.4125
0.000420007 2.82321e-05 0.000158706 -1.61479e-07 10.425
0.000424295 1.8599e-05 0.000158706 -1.70299e-07 10.4375
0.000423617 2.77437e-05 0.000158705 -1.72013e-07 10.45
0.000424854 2.99176e-05 0.000158705 -1.72752e-07 10.4625
0.000427148 3.55368e-05 0.000158707 -1.69572e-07 10.475
0.000430423 3.14309e-05 0.000158711 -1.69463e-07 10.4875
0.000434655 3.01954e-05 0.000158718 -1.70217e-07 10.5
0.000432052 2.72267e-05 0.000158723 -1.72599e-07 10.5125
0.000434523 2.48605e-05 0.00015873 -1.76813e-07 10.525
0.000433606 3.30436e-05 0.000158736 -1.74951e-07 10.5375
0.000434201 3.68353e-05 0.000158743 -1.71118e-07 10.55
0.00043091 2.94438e-05 0.000158747 -1.72404e-07 10.5625
0.000431843 2.84853e-05 0.000158752 -1.73907e-07 10.575
0.000437159 3.57202e-05 0.000158761 -1.70579e-07 10.5875
0.000440478 3.56237e-05 0.000158772 -1.67925e-07 10.6
0.000438229 3.48735e-05 0.000158781 -1.65862e-07 10.6125
0.000438787 3.1766e-05 0.000158791 -1.65778e-07 10.625
0.000436417 3.17096e-05 0.000158799 -1.6561e-07 10.6375
0.000432915 2.82336e-05 0.000158805 -1.68019e-07 10.65
0.000438554 3.73138e-05 0.000158815 -1.64335e-07 10.6625
0.000434156 3.9477e-05 0.000158821 -1.58839e-07 10.675
0.000431401 3.3812e-05 0.000158826 -1.58097e-07 10.6875
0.000433252 3.62598e-05 0.000158832 -1.55126e-07 10.7
0.000426293 4.76187e-05 0.000158834 -1.45028e-07 10.7125
0.000429624 2.97254e-05 0.000158838 -1.47044e-07 10.725
0.000429163 2.89163e-05 0.000158841 -1.49399e-07 10.7375
0.000429396 3.82038e-05 0.000158845 -1.45413e-07 10.75
0.000432834 3.79393e-05 0.000158851 -1.42124e-07 10.7625
0.000429488 3.583e-05 0.000158854 -1.40188e-07 10.775
0.000425952 3.13733e-05 0.000158855 -1.41167e-07 10.7875
0.000424622 3.70689e-05 0.000158856 -1.3804e-07 10.8
0.000421597 4.25669e-05 0.000158854 -1.31557e-07 10.8125
0.000421457 3.43081e-05 0.000158853 -1.31212e-07 10.825
0.000424858 3.77105e-05 0.000158853 -1.27898e-07 10.8375
0.000423218 3.99532e-05 0.000158853 -1.2331e-07 10.85
0.000426961 3.70694e-05 0.000158855 -1.2087e-07 10.8625
0.000428034 3.67465e-05 0.000158857 -1.18726e-07 10.875
0.000429153 3.79102e-05 0.00015886 -1.15835e-07 10.8875
0.000428161 3.50908e-05 0.000158862 -1.10803e-07 10.9
0.000426628 3.35945e-05 0.000158864 -1.08537e-07 10.9125
0.000420983 3.72327e-05 0.000158862 -1.04645e-07 10.925
0.000417035 3.80922e-05 0.000158857 -1.00578e-07 10.9375
0.000417667 3.74353e-05 0.000158853 -9.72945e-08 10.95
0.000421498 3.67103e-05 0.000158851 -9.49153e-08 10.9625
0.000424049 3.69276e-05 0.000158851 -9.29924e-08 10.975
0.000428262 3.63802e-05 0.000158853 -9.14191e-08 10.9875
0.000427974 3.70625e-05 0.000158855 -8.94648e-08 11
0.000427272 3.6109e-05 0.000158857 -8.85404e-08 11.0125
0.000422378 3.70008e-05 0.000158855 -8.69698e-08 11.025
0.000422823 3.50276e-05 0.000158854 -8.70693e-08 11.0375
0.000423463 3.82637e-05 0.000158853 -8.47822e-08 11.05
0.000418813 3.7246e-05 0.000158849 -8.34377e-08 11.0625
0.000418868 3.13451e-05 0.000158845 -8.63522e-08 11.075
0.000419005 3.30756e-05 0.000158842 -8.75237e-08 11.0875
0.00042112 3.68033e-05 0.000158839 -8.62461e-08 11.1
0.00042084 4.03641e-05 0.000158837 -8.34513e-08 11.1125
0.000427131 2.9454e-05 0.000158838 -8.64872e-08 11.125
0.000427101 3.44499e-05 0.000158839 -8.7072e-08 11.1375
0.000428342 3.18946e-05 0.000158841 -8.94447e-08 11.15
0.000429458 3.06782e-05 0.000158845 -9.19626e-08 11.1625
0.000435538 4.05868e-05 0.000158852 -8.80321e-08 11.175
0.000432468 3.46638e-05 0.000158856 -8.75957e-08 11.1875
0.000428966 3.01401e-05 0.000158859 -9.02429e-08 11.2
0.00042532 2.83697e-05 0.000158859 -9.4106e-08 11.2125
0.000421492 3.69685e-05 0.000158857 -9.18383e-08 11.225
0.000418303 3.41835e-05 0.000158853 -9.19099e-08 11.2375
0.000415788 2.62055e-05 0.000158847 -9.73887e-08 11.25
0.000417344 3.90011e-05 0.000158842 -9.33257e-08 11.2625
0.000418025 3.76308e-05 0.000158838 -9.08695e-08 11.275
0.000420744 3.09618e-05 0.000158835 -9.30096e-08 11.2875
0.000423792 2.92037e-05 0.000158834 -9.59441e-08 11.3
0.000422727 2.93074e-05 0.000158832 -9.88494e-08 11.3125
0.000419605 3.25854e-05 0.000158829 -9.94136e-08 11.325
0.000416938 3.10443e-05 0.000158823 -1.01173e-07 11.3375
0.000411252 2.6492e-05 0.000158814 -1.06012e-07 11.35
0.000411402 2.87511e-05 0.000158806 -1.09119e-07 11.3625
0.000410872 3.11671e-05 0.000158797 -1.10664e-07 11.375
0.000414591 3.36824e-05 0.00015879 -1.10298e-07 11.3875
0.000417631 3.53576e-05 0.000158785 -1.08722e-07 11.4
0.000415491 3.0262e-05 0.000158779 -1.10914e-07 11.4125
0.000415147 2.93193e-05 0.000158772 -1.13394e-07 11.425
0.000412563 2.19959e-05 0.000158764 -1.21103e-07 11.4375
0.000412826 2.59981e-05 0.000158757 -1.25086e-07 11.45
0.000411475 3.88483e-05 0.000158748 -1.21066e-07 11.4625
0.000418025 3.0239e-05 0.000158744 -1.22186e-07 11.475
0.000418507 3.14728e-05 0.00015874 -1.23007e-07 11.4875
0.00042093 2.77692e-05 0.000158738 -1.26373e-07 11.5
0.000423208 2.96123e-05 0.000158737 -1.27876e-07 11.5125
0.000420515 2.72005e-05 0.000158734 -1.31009e-07 11.525
0.00041827 3.0947e-05 0.000158731 -1.3122e-07 11.5375
0.000420671 3.22787e-05 0.000158729 -1.30835e-07 11.55
0.000424255 2.5801e-05 0.000158729 -1.34745e-07 11.5625
0.000428104 2.80117e-05 0.000158732 -1.37003e-07 11.575
0.000431491 3.37455e-05 0.000158736 -1.355e-07 11.5875
0.000431384 3.23333e-05 0.000158742 -1.34689e-07 11.6
0.000432203 3.05092e-05 0.000158747 -1.35803e-07 11.6125
0.000431575 2.84392e-05 0.000158752 -1.37301e-07 11.625
0.000426812 3.4796e-05 0.000158754 -1.34762e-07 11.6375
0.000420741 2.82457e-05 0.000158753 -1.37081e-07 11.65
0.000415468 3.07532e-05 0.000158748 -1.37139e-07 11.6625
0.000415861 3.72722e-05 0.000158744 -1.33035e-07 11.675
0.000416364 3.43661e-05 0.00015874 -1.31348e-07 11.6875
0.000424671 3.42637e-05 0.000158741 -1.2971e-07 11.7
0.000435454 3.47106e-05 0.00015875 -1.27781e-07 11.7125
0.000442243 3.14653e-05 0.000158762 -1.28405e-07 11.725
0.000441446 3.28705e-05 0.000158774 -1.27693e-07 11.7375
0.000434177 3.8432e-05 0.000158781 -1.23421e-07 11.75
0.000426054 4.4326e-05 0.000158783 -1.15851e-07 11.7625
0.000422445 2.83558e-05 0.000158784 -1.18759e-07 11.775
0.00041824 2.88181e-05 0.000158781 -1.21265e-07 11.7875
0.00041515 3.94701e-05 0.000158776 -1.1668e-07 11.8
0.000415607 4.00218e-05 0.000158772 -1.12378e-07 11.8125
0.000417392 3.48236e-05 0.000158768 -1.11433e-07 11.825
0.000415879 4.32132e-05 0.000158764 -1.04331e-07 11.8375
0.000417378 4.21478e-05 0.000158761 -9.90669e-08 11.85
0.00041936 3.4353e-05 0.000158758 -9.91592e-08 11.8625
0.000421092 4.15273e-05 0.000158757 -9.42117e-08 11.875
0.000417951 3.51948e-05 0.000158754 -9.34831e-08 11.8875
0.000413492 3.92349e-05 0.000158748 -8.98624e-08 11.9
0.0004124 4.78407e-05 0.000158741 -8.06749e-08 11.9125
0.000413315 4.48617e-05 0.000158735 -7.39457e-08 11.925
0.000416188 3.2833e-05 0.00015873 -7.57109e-08 11.9375
0.000417431 4.26839e-05 0.000158727 -6.98929e-08 11.95
0.000424124 4.0832e-05 0.000158727 -6.63216e-08 11.9625
0.000425554 4.3246e-05 0.000158728 -6.1283e-08 11.975
0.000425447 4.53072e-05 0.00015873 -5.45796e-08 11.9875
0.000419872 4.45253e-05 0.000158727 -4.83192e-08 12
0.000418053 3.96389e-05 0.000158724 -4.65464e-08 12.0125
0.000415568 4.49225e-05 0.000158719 -4.03874e-08 12.025
0.000422699 4.21181e-05 0.000158719 -3.5921e-08 12.0375
0.000421123 4.05629e-05 0.000158717 -3.36527e-08 12.05
0.000423664 4.23834e-05 0.000158717 -2.99209e-08 12.0625
0.000425739 4.39775e-05 0.000158718 -2.48488e-08 12.075
0.000428345 4.84786e-05 0.000158721 -1.71674e-08 12.0875
0.000428078 4.21613e-05 0.000158724 -1.41749e-08 12.1
0.000427626 3.55604e-05 0.000158727 -1.53152e-08 12.1125
0.000426383 4.32207e-05 0.000158729 -1.07327e-08 12.125
0.000428378 5.31105e-05 0.000158732 3.67222e-10 12.1375
0.000432295 4.70887e-05 0.000158738 6.11634e-09 12.15
0.000438138 4.3988e-05 0.000158748 1.02796e-08 12.1625
0.00043701 4.07031e-05 0.000158756 1.24452e-08 12.175
0.000433362 4.25437e-05 0.000158763 1.58836e-08 12.1875
0.000429817 5.08491e-05 0.000158767 2.47122e-08 12.2
0.000425571 3.57044e-05 0.000158769 2.2543e-08 12.2125
0.000423054 4.045e-05 0.000158769 2.52108e-08 12.225
0.000423242 4.95359e-05 0.000158769 3.34171e-08 12.2375
0.000430322 4.63037e-05 0.000158774 3.87192e-08 12.25
0.000439387 4.12902e-05 0.000158785 4.08284e-08 12.2625
0.000439051 5.0356e-05 0.000158795 4.92868e-08 12.275
0.000442662 3.95163e-05 0.000158808 5.07942e-08 12.2875
0.000434352 3.86887e-05 0.000158814 5.11066e-08 12.3
0.000427289 3.62887e-05 0.000158817 4.99858e-08 12.3125
0.000423675 3.90148e-05 0.000158818 5.12937e-08 12.325
0.000419091 5.02379e-05 0.000158816 6.05501e-08 12.3375
0.000418351 4.58749e-05 0.000158813 6.57986e-08 12.35
0.000421674 3.86399e-05 0.000158813 6.64042e-08 12.3625
0.000424328 3.58888e-05 0.000158814 6.53971e-08 12.375
0.000423488 4.11049e-05 0.000158814 6.83813e-08 12.3875
0.000419923 3.45882e-05 0.000158813 6.65893e-08 12.4
0.00042489 4.21949e-05 0.000158814 6.95934e-08 12.4125
0.000418533 3.67733e-05 0.000158811 6.97487e-08 12.425
0.00041436 4.03219e-05 0.000158806 7.22899e-08 12.4375
0.000415541 3.69663e-05 0.000158802 7.21988e-08 12.45
0.00041576 3.70701e-05 0.000158797 7.25283e-08 12.4625
0.000416273 4.11713e-05 0.000158794 7.58821e-08 12.475
0.000417516 3.91527e-05 0.000158791 7.74084e-08 12.4875
0.000418372 3.91484e-05 0.000158788 7.91429e-08 12.5
0.00042168 3.679e-05 0.000158788 7.89892e-08 12.5125
0.000421913 3.07472e-05 0.000158787 7.48949e-08 12.525
0.000417372 3.77154e-05 0.000158784 7.557e-08 12.5375
0.000421321 3.03439e-05 0.000158784 7.20572e-08 12.55
0.000419596 3.79224e-05 0.000158782 7.31528e-08 12.5625
0.000417183 3.64731e-05 0.000158779 7.31453e-08 12.575
0.000417503 3.79347e-05 0.000158777 7.4396e-08 12.5875
0.000417763 3.34702e-05 0.000158774 7.22835e-08 12.6
0.000416657 3.38749e-05 0.000158771 7.10107e-08 12.6125
0.000415255 3.27039e-05 0.000158766 6.85234e-08 12.625
0.000419322 3.20161e-05 0.000158765 6.54144e-08 12.6375
0.000422059 3.01336e-05 0.000158765 6.13861e-08 12.65
0.000426799 3.36292e-05 0.000158768 6.00621e-08 12.6625
0.000427789 3.59318e-05 0.000158772 5.99314e-08 12.675
0.00042977 3.37657e-05 0.000158777 5.83579e-08 12.6875
0.000428207 3.44452e-05 0.000158781 5.70962e-08 12.7
0.000426229 2.83083e-05 0.000158784 5.18892e-08 12.7125
0.000420977 3.36474e-05 0.000158784 5.07112e-08 12.725
0.000420301 3.2897e-05 0.000158783 4.84105e-08 12.7375
0.00041903 3.0563e-05 0.000158781 4.47352e-08 12.75
0.000417177 3.24289e-05 0.000158779 4.25761e-08 12.7625
0.000415053 3.53514e-05 0.000158775 4.25097e-08 12.775
0.000416765 3.68028e-05 0.000158772 4.30937e-08 12.7875
0.000419906 3.00845e-05 0.000158771 3.88436e-08 12.8
0.000422449 2.73744e-05 0.000158771 3.33812e-08 12.8125
0.00042282 3.53271e-05 0.000158772 3.33386e-08 12.825
0.000435323 3.76987e-05 0.000158781 3.48127e-08 12.8375
0.000429143 2.96363e-05 0.000158785 3.05226e-08 12.85
0.000421654 3.13044e-05 0.000158785 2.78615e-08 12.8625
0.000416971 3.77077e-05 0.000158783 2.95084e-08 12.875
0.000410443 3.51615e-05 0.000158775 2.90312e-08 12.8875
0.0004099 3.257e-05 0.000158768 2.70009e-08 12.9
0.000414598 2.95116e-05 0.000158764 2.30994e-08 12.9125
0.00041255 4.32437e-05 0.000158758 2.88805e-08 12.925
0.000410531 3.50768e-05 0.00015875 2.81024e-08 12.9375
0.000411313 2.96578e-05 0.000158744 2.42741e-08 12.95
0.000412847 3.05047e-05 0.000158738 2.13027e-08 12.9625
0.000411804 4.101e-05 0.000158731 2.53649e-08 12.975
0.000410455 3.17247e-05 0.000158724 2.26891e-08 12.9875
0.000408737 3.59028e-05 0.000158715 2.35067e-08 13
0.000406632 3.52468e-05 0.000158705 2.33563e-08 13.0125
0.000406377 3.13527e-05 0.000158695 2.07689e-08 13.025
0.000408514 3.53156e-05 0.000158686 2.14961e-08 13.0375
0.000411714 4.03486e-05 0.000158679 2.4936e-08 13.05
0.000412183 3.49138e-05 0.000158673 2.45903e-08 13.0625
0.000417394 3.25765e-05 0.00015867 2.29839e-08 13.075
0.000417823 3.9315e-05 0.000158667 2.63391e-08 13.0875
0.000419586 4.26918e-05 0.000158665 3.13977e-08 13.1
0.000419981 3.971e-05 0.000158662 3.42048e-08 13.1125
0.000417059 3.24021e-05 0.000158659 3.22163e-08 13.125
0.000416295 3.33443e-05 0.000158655 3.0722e-08 13.1375
0.000418083 3.90148e-05 0.000158652 3.47024e-08 13.15
0.000414797 4.88228e-05 0.000158647 4.33225e-08 13.1625
0.00041497 2.77687e-05 0.000158641 3.70087e-08 13.175
0.000422606 2.67874e-05 0.000158642 3.16922e-08 13.1875
0.000423836 3.93481e-05 0.000158642 3.53509e-08 13.2
0.000426451 4.99968e-05 0.000158644 4.53209e-08 13.2125
0.000428579 3.74452e-05 0.000158647 4.56574e-08 13.225
0.000426883 2.56125e-05 0.00015865 3.85416e-08 13.2375
0.000426793 3.13154e-05 0.000158653 3.70779e-08 13.25
0.000421912 4.38666e-05 0.000158652 4.26656e-08 13.2625
0.000423424 3.57864e-05 0.000158652 4.27002e-08 13.275
0.000426526 3.48779e-05 0.000158655 4.2217e-08 13.2875
0.000426398 3.63802e-05 0.000158657 4.28626e-08 13.3
0.000425831 3.46926e-05 0.000158659 4.23793e-08 13.3125
0.000426226 3.86713e-05 0.000158661 4.46373e-08 13.325
0.000431523 3.58688e-05 0.000158667 4.45884e-08 13.3375
0.000434291 2.9366e-05 0.000158674 3.98955e-08 13.35
0.000431592 3.83326e-05 0.00015868 4.24945e-08 13.3625
0.000432681 3.82286e-05 0.000158686 4.39481e-08 13.375
0.000432093 3.18477e-05 0.000158692 4.11461e-08 13.3875
0.000428868 3.76304e-05 0.000158696 4.27326e-08 13.4
0.000420267 2.49731e-05 0.000158694 3.50507e-08 13.4125
0.000418895 2.98363e-05 0.000158692 3.16972e-08 13.425
0.000415129 3.56209e-05 0.000158687 3.19125e-08 13.4375
0.000415079 3.8544e-05 0.000158682 3.4769e-08 13.45
0.00041157 4.26835e-05 0.000158675 3.91676e-08 13.4625
0.000416367 3.19296e-05 0.000158671 3.71576e-08 13.475
0.000416428 2.20925e-05 0.000158667 2.79899e-08 13.4875
0.000415944 2.54736e-05 0.000158662 2.20193e-08 13.5
0.000415808 3.94373e-05 0.000158658 2.61074e-08 13.5125
0.000410463 3.86238e-05 0.00015865 2.82223e-08 13.525
0.000408095 2.42704e-05 0.00015864 2.09386e-08 13.5375
0.00041257 2.92369e-05 0.000158634 1.84924e-08 13.55
0.000412758 3.58953e-05 0.000158627 2.02734e-08 13.5625
0.000415355 3.63617e-05 0.000158622 2.16264e-08 13.575
0.000420142 2.91637e-05 0.000158621 1.81164e-08 13.5875
0.000425598 1.9075e-05 0.000158622 8.40384e-09 13.6
0.000429134 3.61604e-05 0.000158626 1.14379e-08 13.6125
0.000424321 3.35279e-05 0.000158627 1.13427e-08 13.625
0.000421824 2.81464e-05 0.000158626 8.03012e-09 13.6375
0.000418488 2.97169e-05 0.000158623 6.36286e-09 13.65
0.000420126 3.49087e-05 0.000158622 8.35439e-09 13.6625
0.000424826 3.6522e-05 0.000158623 1.06413e-08 13.675
0.000429204 2.1814e-05 0.000158627 2.82344e-09 13.6875
0.000434213 4.1629e-05 0.000158635 1.0113e-08 13.7
0.000431358 2.1145e-05 0.00015864 1.79203e-09 13.7125
0.000428688 2.94572e-05 0.000158644 7.67277e-10 13.725
0.000434095 3.89817e-05 0.000158652 4.88146e-09 13.7375
0.000431848 3.65938e-05 0.000158657 7.7589e-09 13.75
0.000428682 3.06845e-05 0.000158661 6.07072e-09 13.7625
0.000426074 2.83606e-05 0.000158664 3.19512e-09 13.775
0.00042535 4.22174e-05 0.000158665 9.74718e-09 13.7875
0.000431391 2.95192e-05 0.000158672 7.57402e-09 13.8
0.000428437 3.40217e-05 0.000158675 8.26584e-09 13.8125
0.000429895 3.44246e-05 0.00015868 8.97222e-09 13.825
0.000429877 3.12466e-05 0.000158685 7.48424e-09 13.8375
0.000433741 3.3894e-05 0.000158692 7.86254e-09 13.85
0.000433161 3.64295e-05 0.000158699 1.00933e-08 13.8625
0.00043253 4.2904e-05 0.000158706 1.65889e-08 13.875
0.000430312 3.52315e-05 0.000158711 1.69036e-08 13.8875
0.000428005 3.19449e-05 0.000158714 1.55714e-08 13.9
0.000424827 3.66407e-05 0.000158716 1.76729e-08 13.9125
0.000422694 3.79339e-05 0.000158716 1.98218e-08 13.925
0.000419202 3.47584e-05 0.000158714 1.9933e-08 13.9375
0.000414489 3.09754e-05 0.000158709 1.75226e-08 13.95
0.0004146 3.97545e-05 0.000158705 2.13942e-08 13.9625
0.000418115 4.52007e-05 0.000158702 2.84845e-08 13.975
0.000418619 4.25089e-05 0.0001587 3.29093e-08 13.9875
0.000416949 3.52696e-05 0.000158696 3.25146e-08 14
0.000415617 3.7596e-05 0.000158692 3.44417e-08 14.0125
0.000413804 3.99334e-05 0.000158687 3.72797e-08 14.025
0.000414761 3.6327e-05 0.000158682 3.77144e-08 14.0375
0.000410977 3.24827e-05 0.000158675 3.5628e-08 14.05
0.00040855 4.17692e-05 0.000158666 4.04237e-08 14.0625
0.000411459 4.42413e-05 0.000158659 4.61421e-08 14.075
0.000416735 4.6246e-05 0.000158656 5.3219e-08 14.0875
0.000422995 3.04339e-05 0.000158656 4.8876e-08 14.1
0.000420333 4.07923e-05 0.000158655 5.2254e-08 14.1125
0.000418367 3.26606e-05 0.000158653 5.06462e-08 14.125
0.00040804 3.73575e-05 0.000158643 5.19317e-08 14.1375
0.000403712 4.46531e-05 0.000158632 5.78711e-08 14.15
0.000407122 3.89244e-05 0.000158623 5.96735e-08 14.1625
0.000414041 4.10171e-05 0.000158618 6.27984e-08 14.175
0.000414547 3.36548e-05 0.000158613 6.16487e-08 14.1875
0.000411278 4.56884e-05 0.000158606 6.89661e-08 14.2
0.000415861 4.22103e-05 0.000158603 7.29434e-08 14.2125
0.000421182 3.87911e-05 0.000158602 7.44179e-08 14.225
0.000421843 4.04886e-05 0.000158603 7.75595e-08 14.2375
0.000422041 3.0239e-05 0.000158603 7.33867e-08 14.25
0.000422136 3.64954e-05 0.000158603 7.43818e-08 14.2625
0.000419622 4.7481e-05 0.000158602 8.25705e-08 14.275
0.000417277 4.35112e-05 0.000158599 8.69784e-08 14.2875
0.000420064 3.06111e-05 0.000158598 8.26904e-08 14.3
0.000423355 3.04227e-05 0.0001586 7.9006e-08 14.3125
0.000423935 3.88543e-05 0.000158601 8.13271e-08 14.325
0.000425507 4.54037e-05 0.000158603 8.73687e-08 14.3375
0.000426778 3.98739e-05 0.000158607 8.95575e-08 14.35
0.000427744 2.52906e-05 0.000158611 8.13877e-08 14.3625
0.000425409 3.83908e-05 0.000158613 8.31361e-08 14.375
0.000422775 2.594e-05 0.000158613 7.56453e-08 14.3875
0.000420161 3.93536e-05 0.000158612 7.86087e-08 14.4
0.000417404 3.59911e-05 0.00015861 7.80876e-08 14.4125
0.000417495 3.70706e-05 0.000158607 7.842e-08 14.425
0.000417047 3.60776e-05 0.000158604 7.75422e-08 14.4375
0.000422686 3.04225e-05 0.000158605 7.42727e-08 14.45
0.000417961 3.21398e-05 0.000158601 7.16928e-08 14.4625
0.000412316 2.74807e-05 0.000158595 6.53788e-08 14.475
0.000409209 3.55867e-05 0.000158587 6.57155e-08 14.4875
0.00041322 3.97053e-05 0.000158581 6.82066e-08 14.5
0.00042015 2.93268e-05 0.00015858 6.30557e-08 14.5125
0.000423899 1.91202e-05 0.00015858 5.19339e-08 14.525
0.000423451 3.84365e-05 0.000158581 5.46912e-08 14.5375
0.000420692 3.88172e-05 0.000158579 5.65176e-08 14.55
0.00041836 2.448e-05 0.000158576 4.83377e-08 14.5625
0.00041697 2.29828e-05 0.000158573 4.04138e-08 14.575
0.00041658 3.12912e-05 0.000158569 3.80198e-08 14.5875
0.00041907 3.45669e-05 0.000158567 3.7686e-08 14.6
0.000426994 3.54474e-05 0.000158569 3.70515e-08 14.6125
0.00042509 2.13019e-05 0.00015857 2.76946e-08 14.625
0.000423173 3.14975e-05 0.00015857 2.61388e-08 14.6375
0.000421524 4.30359e-05 0.000158569 3.16073e-08 14.65
0.000423002 1.7816e-05 0.000158569 1.90961e-08 14.6625
0.00041982 2.91283e-05 0.000158566 1.60741e-08 14.675
0.000416569 2.98235e-05 0.000158562 1.26976e-08 14.6875
0.000419813 3.0549e-05 0.00015856 9.89973e-09 14.7
0.000424159 3.68267e-05 0.00015856 1.168e-08 14.7125
0.0004306 3.43277e-05 0.000158564 1.14035e-08 14.725
0.00042986 2.48893e-05 0.000158568 4.81285e-09 14.7375
0.000427855 4.16607e-05 0.000158571 1.00818e-08 14.75
0.000430482 2.29671e-05 0.000158576 2.1941e-09 14.7625
0.000426204 2.17893e-05 0.000158577 -5.95989e-09 14.775
0.000422445 3.40923e-05 0.000158576 -5.57271e-09 14.7875
0.000422621 3.38263e-05 0.000158575 -5.94678e-09 14.8
0.000427294 3.31547e-05 0.000158578 -6.80065e-09 14.8125
0.000430256 3.12102e-05 0.000158582 -8.80136e-09 14.825
0.000433595 3.06392e-05 0.000158588 -1.06815e-08 14.8375
0.000432452 3.01905e-05 0.000158593 -1.31228e-08 14.85
0.000431967 3.67653e-05 0.000158598 -1.095e-08 14.8625
0.000430902 3.44826e-05 0.000158603 -1.0737e-08 14.875
0.000427604 2.83182e-05 0.000158605 -1.44063e-08 14.8875
0.000421383 3.27663e-05 0.000158603 -1.43301e-08 14.9
0.000417555 4.0085e-05 0.0001586 -9.56489e-09 14.9125
0.000420614 3.8026e-05 0.000158598 -6.78124e-09 14.925
0.000422933 3.54897e-05 0.000158597 -5.77909e-09 14.9375
0.000425491 3.21618e-05 0.000158598 -6.925e-09 14.95
0.000423986 3.12215e-05 0.000158598 -8.72544e-09 14.9625
0.000426 2.95061e-05 0.000158599 -1.12178e-08 14.975
0.000419852 4.25638e-05 0.000158596 -4.5009e-09 14.9875
0.000419482 4.04634e-05 0.000158593 6.77109e-11 15
0.000419126 4.28486e-05 0.00015859 6.26177e-09 15.0125
0.000418328 3.5533e-05 0.000158586 7.38374e-09 15.025
0.000419709 3.0054e-05 0.000158584 5.21531e-09 15.0375
0.000426527 4.47355e-05 0.000158585 1.19475e-08 15.05
0.000430082 3.04075e-05 0.000158589 1.01658e-08 15.0625
0.000427457 3.32308e-05 0.000158591 1.01759e-08 15.075
0.000426101 4.27087e-05 0.000158592 1.65948e-08 15.0875
0.000425224 4.35971e-05 0.000158592 2.30797e-08 15.1
0.000426534 3.78279e-05 0.000158594 2.55652e-08 15.1125
0.000428504 3.4289e-05 0.000158597 2.58876e-08 15.125
0.000429804 3.67926e-05 0.000158601 2.82034e-08 15.1375
0.000430314 3.69347e-05 0.000158605 3.00272e-08 15.15
0.00042908 3.90804e-05 0.000158608 3.39825e-08 15.1625
0.000427079 4.15083e-05 0.00015861 3.92805e-08 15.175
0.00042854 4.07531e-05 0.000158613 4.37935e-08 15.1875
0.000429446 3.81402e-05 0.000158617 4.64704e-08 15.2
0.00042729 3.32977e-05 0.000158619 4.61017e-08 15.2125
0.000427894 3.6537e-05 0.000158622 4.81257e-08 15.225
0.000429124 4.03365e-05 0.000158625 5.2601e-08 15.2375
0.00042999 4.00477e-05 0.000158629 5.66958e-08 15.25
0.000429699 3.97795e-05 0.000158633 6.06761e-08 15.2625
0.000428554 3.6131e-05 0.000158637 6.20222e-08 15.275
0.000428135 3.45077e-05 0.00015864 6.25914e-08 15.2875
0.000427474 3.67366e-05 0.000158643 6.43611e-08 15.3
0.000426433 3.47222e-05 0.000158645 6.48178e-08 15.3125
0.000423195 4.15569e-05 0.000158645 6.97941e-08 15.325
0.00042504 3.50556e-05 0.000158647 7.1128e-08 15.3375
0.000421255 3.45118e-05 0.000158646 7.1137e-08 15.35
0.000419986 3.34759e-05 0.000158645 7.07987e-08 15.3625
0.00041909 3.84558e-05 0.000158643 7.40598e-08 15.375
0.000419335 3.82156e-05 0.000158641 7.67582e-08 15.3875
0.000415816 4.04179e-05 0.000158637 8.12257e-08 15.4
0.000417389 3.65473e-05 0.000158634 8.28098e-08 15.4125
0.00041861 3.27517e-05 0.000158632 8.1596e-08 15.425
0.000420788 3.04623e-05 0.000158632 7.90541e-08 15.4375
0.000418461 3.32668e-05 0.00015863 7.86963e-08 15.45
0.000414737 3.72184e-05 0.000158625 8.08168e-08 15.4625
0.000412672 3.57759e-05 0.00015862 8.19217e-08 15.475
0.000414615 3.81927e-05 0.000158616 8.46882e-08 15.4875
0.000420083 3.16666e-05 0.000158615 8.23962e-08 15.5
0.000422787 3.03453e-05 0.000158616 7.99321e-08 15.5125
0.000428512 3.70918e-05 0.000158621 8.16912e-08 15.525
0.00042445 3.23733e-05 0.000158623 8.0241e-08 15.5375
0.000422303 3.16441e-05 0.000158624 7.84178e-08 15.55
0.000420716 3.53194e-05 0.000158624 7.89129e-08 15.5625
0.000418198 3.21513e-05 0.000158622 7.73482e-08 15.575
0.000416395 3.91044e-05 0.00015862 8.04828e-08 15.5875
0.000419105 3.58187e-05 0.000158619 8.17901e-08 15.6
0.000418968 3.18916e-05 0.000158618 7.91335e-08 15.6125
0.000420219 2.83984e-05 0.000158617 7.47789e-08 15.625
0.000424981 3.10794e-05 0.00015862 7.23063e-08 15.6375
0.000425847 3.26547e-05 0.000158624 7.09645e-08 15.65
0.000424083 3.87417e-05 0.000158626 7.42621e-08 15.6625
0.000425832 3.46906e-05 0.000158629 7.441e-08 15.675
0.000428785 3.30268e-05 0.000158635 7.32375e-08 15.6875
0.000433113 3.25734e-05 0.000158643 7.19355e-08 15.7
0.000434149 3.34023e-05 0.000158651 7.13794e-08 15.7125
0.000432703 4.0349e-05 0.000158659 7.55703e-08 15.725
0.000430192 3.64449e-05 0.000158665 7.6789e-08 15.7375
0.000424038 3.07116e-05 0.000158667 7.44704e-08 15.75
0.000419321 3.05582e-05 0.000158667 7.20772e-08 15.7625
0.000418645 3.42732e-05 0.000158665 7.24151e-08 15.775
0.000419926 3.77899e-05 0.000158665 7.49723e-08 15.7875
0.000423998 3.56318e-05 0.000158667 7.59226e-08 15.8
0.000429042 3.734e-05 0.000158672 7.82602e-08 15.8125
0.000434261 3.25291e-05 0.000158681 7.68484e-08 15.825
0.000432501 2.98083e-05 0.000158688 7.41114e-08 15.8375
0.000426663 4.15947e-05 0.000158691 7.97077e-08 15.85
0.000423657 3.50508e-05 0.000158693 7.98306e-08 15.8625
0.000422696 3.43633e-05 0.000158694 7.92914e-08 15.875
0.00042778 3.09169e-05 0.000158699 7.78323e-08 15.8875
0.000424399 3.27466e-05 0.000158701 7.68634e-08 15.9
0.000421396 3.86267e-05 0.000158701 7.99116e-08 15.9125
0.000420783 3.74904e-05 0.000158701 8.2106e-08 15.925
0.000420892 3.50684e-05 0.000158701 8.25546e-08 15.9375
0.000421646 3.34323e-05 0.000158701 8.23045e-08 15.95
0.00042102 3.78311e-05 0.000158701 8.49572e-08 15.9625
0.000418 3.36225e-05 0.000158699 8.47245e-08 15.975
0.000421119 4.26085e-05 0.000158699 9.06244e-08 15.9875
0.000422406 3.9504e-05 0.0001587 9.46412e-08 16
0.00042366 2.84277e-05 0.000158701 9.06682e-08 16.0125
0.000427532 3.45314e-05 0.000158706 9.13735e-08 16.025
0.000426031 4.28682e-05 0.000158708 9.76975e-08 16.0375
0.000424408 3.50033e-05 0.00015871 9.79761e-08 16.05
0.000424745 3.13e-05 0.000158713 9.61993e-08 16.0625
0.000425276 3.41939e-05 0.000158715 9.6673e-08 16.075
0.000427064 3.82001e-05 0.000158719 9.98228e-08 16.0875
0.000424563 3.97533e-05 0.000158721 1.03857e-07 16.1
0.000423818 3.62085e-05 0.000158723 1.05552e-07 16.1125
0.000421517 4.03044e-05 0.000158723 1.09724e-07 16.125
0.000423546 3.34944e-05 0.000158725 1.10329e-07 16.1375
0.000419831 3.33549e-05 0.000158724 1.10091e-07 16.15
0.000417127 3.90821e-05 0.000158721 1.13852e-07 16.1625
0.00042329 3.37945e-05 0.000158723 1.13798e-07 16.175
0.000428404 2.60444e-05 0.000158727 1.08626e-07 16.1875
0.000434736 3.71855e-05 0.000158736 1.11565e-07 16.2
0.000432504 4.19068e-05 0.000158743 1.17483e-07 16.2125
0.000431699 3.50603e-05 0.00015875 1.18397e-07 16.225
0.000432523 3.02884e-05 0.000158757 1.16511e-07 16.2375
0.000433412 3.32581e-05 0.000158765 1.16746e-07 16.25
0.000433791 3.5641e-05 0.000158774 1.18576e-07 16.2625
0.000433286 3.4911e-05 0.000158781 1.19802e-07 16.275
0.000432475 3.12214e-05 0.000158789 1.18787e-07 16.2875
0.000433058 3.26338e-05 0.000158797 1.18903e-07 16.3
0.00043114 3.26533e-05 0.000158803 1.18913e-07 16.3125
0.000431565 3.81791e-05 0.00015881 1.23132e-07 16.325
0.000428156 3.40852e-05 0.000158814 1.24208e-07 16.3375
0.000425425 3.01159e-05 0.000158817 1.22724e-07 16.35
0.000423872 2.98173e-05 0.000158819 1.21188e-07 16.3625
0.000425456 2.86761e-05 0.000158822 1.1917e-07 16.375
0.000425796 3.37854e-05 0.000158826 1.20664e-07 16.3875
0.000423191 3.73332e-05 0.000158827 1.2463e-07 16.4
0.000423698 3.06671e-05 0.000158829 1.23711e-07 16.4125
0.000423943 2.675e-05 0.000158831 1.20498e-07 16.425
0.000419998 2.90326e-05 0.00015883 1.18855e-07 16.4375
0.000426755 3.32741e-05 0.000158835 1.20814e-07 16.45
0.000417733 2.9347e-05 0.000158832 1.19479e-07 16.4625
0.00041298 3.10532e-05 0.000158827 1.19604e-07 16.475
0.000413108 2.83045e-05 0.000158823 1.17783e-07 16.4875
0.000413221 2.86061e-05 0.000158819 1.16454e-07 16.5
0.000413355 2.78412e-05 0.000158814 1.14661e-07 16.5125
0.000413809 3.22045e-05 0.00015881 1.15894e-07 16.525
0.000412852 2.76593e-05 0.000158805 1.13804e-07 16.5375
0.000413792 2.98102e-05 0.000158801 1.13698e-07 16.55
0.000418047 2.64058e-05 0.0001588 1.10824e-07 16.5625
0.0004166 2.71161e-05 0.000158798 1.08987e-07 16.575
0.000411966 3.32516e-05 0.000158793 1.11269e-07 16.5875
0.000413942 2.75812e-05 0.000158789 1.09168e-07 16.6
0.000415731 2.37678e-05 0.000158787 1.05179e-07 16.6125
0.00041872 2.8052e-05 0.000158786 1.04356e-07 16.625
0.000420348 3.11848e-05 0.000158787 1.05314e-07 16.6375
0.000418612 3.16539e-05 0.000158786 1.06365e-07 16.65
0.000418643 2.64401e-05 0.000158786 1.03889e-07 16.6625
0.000417457 2.37232e-05 0.000158785 1.00179e-07 16.675
0.000422131 2.87712e-05 0.000158787 9.95951e-08 16.6875
0.000421207 2.80192e-05 0.000158788 9.84097e-08 16.7
0.000419018 3.00528e-05 0.000158788 9.86937e-08 16.7125
0.000418449 3.19471e-05 0.000158788 9.96801e-08 16.725
0.000425347 2.78724e-05 0.000158793 9.9616e-08 16.7375
0.000423123 2.75702e-05 0.000158795 9.77098e-08 16.75
0.000422508 3.15194e-05 0.000158798 9.91569e-08 16.7625
0.000421233 3.57504e-05 0.0001588 1.03237e-07 16.775
0.000423233 2.92553e-05 0.000158803 1.02643e-07 16.7875
0.000424063 2.7112e-05 0.000158807 1.01007e-07 16.8
0.000423272 2.79352e-05 0.00015881 9.97524e-08 16.8125
0.000419506 3.34523e-05 0.00015881 1.02315e-07 16.825
0.00041841 3.4662e-05 0.000158811 1.05526e-07 16.8375
0.0004155 3.30193e-05 0.000158809 1.079e-07 16.85
0.000411245 3.27869e-05 0.000158804 1.0987e-07 16.8625
0.000407691 3.41411e-05 0.000158798 1.1277e-07 16.875
0.000403464 3.20344e-05 0.000158789 1.14057e-07 16.8875
0.000403758 3.92356e-05 0.00015878 1.19887e-07 16.9
0.000401791 2.969e-05 0.000158769 1.19352e-07 16.9125
0.000400247 3.7672e-05 0.000158758 1.24619e-07 16.925
0.000397072 3.67219e-05 0.000158745 1.28399e-07 16.9375
0.000398985 3.45196e-05 0.000158733 1.31185e-07 16.95
0.000399742 3.62587e-05 0.000158721 1.34891e-07 16.9625
0.000398745 3.91451e-05 0.000158709 1.40395e-07 16.975
0.000395928 4.49352e-05 0.000158695 1.49652e-07 16.9875
0.000401121 3.3919e-05 0.000158685 1.51015e-07 17
0.000405312 2.87273e-05 0.000158677 1.48934e-07 17.0125
0.000415527 3.33297e-05 0.000158676 1.50504e-07 17.025
0.000414288 5.76562e-05 0.000158674 1.6813e-07 17.0375
0.000419786 3.82284e-05 0.000158676 1.72112e-07 17.05
0.000418154 3.04774e-05 0.000158676 1.70948e-07 17.0625
0.000414756 3.34282e-05 0.000158675 1.72163e-07 17.075
0.000411873 4.06798e-05 0.000158672 1.78096e-07 17.0875
0.000419062 4.12953e-05 0.000158674 1.83945e-07 17.1
0.000420383 3.23052e-05 0.000158676 1.83811e-07 17.1125
0.000421786 3.18036e-05 0.000158679 1.83675e-07 17.125
0.000427056 4.41963e-05 0.000158685 1.92198e-07 17.1375
0.000427486 3.54284e-05 0.000158692 1.93738e-07 17.15
0.000425934 2.64003e-05 0.000158698 1.89872e-07 17.1625
0.000425204 3.98155e-05 0.000158703 1.95281e-07 17.175
0.000427467 3.47263e-05 0.00015871 1.96435e-07 17.1875
0.000427906 2.98759e-05 0.000158717 1.94879e-07 17.2
0.000431854 4.4424e-05 0.000158727 2.03548e-07 17.2125
0.000429191 3.48588e-05 0.000158734 2.04882e-07 17.225
0.000423506 1.86568e-05 0.000158739 1.95443e-07 17.2375
0.000428788 3.69351e-05 0.000158747 1.98953e-07 17.25
0.000420119 2.72188e-05 0.000158748 1.958e-07 17.2625
0.000415008 3.23811e-05 0.000158746 1.96747e-07 17.275
0.000416405 3.69741e-05 0.000158746 2.00483e-07 17.2875
0.000414558 2.79836e-05 0.000158744 1.97865e-07 17.3
0.000410669 2.47513e-05 0.00015874 1.93407e-07 17.3125
0.000410635 3.3784e-05 0.000158735 1.95442e-07 17.325
0.000403856 2.73356e-05 0.000158726 1.92651e-07 17.3375
0.000398769 1.95172e-05 0.000158714 1.85092e-07 17.35
0.00039752 2.98718e-05 0.000158701 1.85394e-07 17.3625
0.000397929 3.72264e-05 0.000158688 1.89413e-07 17.375
0.000405766 2.55503e-05 0.00015868 1.86733e-07 17.3875
0.000406018 1.92107e-05 0.000158672 1.78951e-07 17.4
0.000408297 2.07099e-05 0.000158666 1.72623e-07 17.4125
0.000408565 2.22457e-05 0.000158659 1.67493e-07 17.425
0.00040613 1.71181e-05 0.000158651 1.59053e-07 17.4375
0.00041403 3.07849e-05 0.000158648 1.60365e-07 17.45
0.000415393 1.45926e-05 0.000158646 1.49885e-07 17.4625
0.000419339 1.09906e-05 0.000158646 1.37661e-07 17.475
0.000422494 2.65922e-05 0.000158648 1.36498e-07 17.4875
0.000423493 2.02905e-05 0.000158651 1.30154e-07 17.5
0.000425387 2.32654e-05 0.000158655 1.26835e-07 17.5125
0.000429729 2.42096e-05 0.000158662 1.23958e-07 17.525
0.000432425 1.9481e-05 0.000158669 1.17472e-07 17.5375
0.000433202 3.30727e-05 0.000158678 1.21905e-07 17.55
0.00043176 2.00623e-05 0.000158686 1.1566e-07 17.5625
0.000436424 9.30878e-06 0.000158697 1.02388e-07 17.575
0.000439908 3.14992e-05 0.00015871 1.05305e-07 17.5875
0.000440264 2.50891e-05 0.000158723 1.02049e-07 17.6
0.000435928 1.77216e-05 0.000158733 9.44707e-08 17.6125
0.000433234 2.29059e-05 0.000158742 9.09511e-08 17.625
0.000430226 2.58112e-05 0.000158748 8.9091e-08 17.6375
0.000430882 3.45558e-05 0.000158756 9.29837e-08 17.65
0.000431082 2.08289e-05 0.000158763 8.68213e-08 17.6625
0.000423663 1.53235e-05 0.000158766 7.79279e-08 17.675
0.000420656 2.64812e-05 0.000158766 7.71137e-08 17.6875
0.000414623 3.34424e-05 0.000158763 8.06126e-08 17.7
0.000412501 2.89121e-05 0.000158759 7.99283e-08 17.7125
0.00040755 1.46833e-05 0.000158751 7.02416e-08 17.725
0.000402656 2.63491e-05 0.00015874 6.9973e-08 17.7375
0.000399365 3.02665e-05 0.000158727 7.09698e-08 17.75
0.000397053 2.21858e-05 0.000158712 6.64505e-08 17.7625
0.000395464 2.96966e-05 0.000158697 6.71729e-08 17.775
0.000402861 2.40545e-05 0.000158686 6.48257e-08 17.7875
0.000404243 3.19793e-05 0.000158676 6.72822e-08 17.8
0.000399684 1.35227e-05 0.000158663 5.62641e-08 17.8125
0.000407319 2.77277e-05 0.000158655 5.63614e-08 17.825
0.000413151 3.55795e-05 0.000158651 6.14985e-08 17.8375
0.000413613 1.9955e-05 0.000158647 5.49191e-08 17.85
0.000415203 2.41237e-05 0.000158644 5.24334e-08 17.8625
0.000415202 3.07503e-05 0.000158641 5.44054e-08 17.875
0.00041658 3.08502e-05 0.000158639 5.54828e-08 17.8875
0.000419382 2.7934e-05 0.000158639 5.47297e-08 17.9
0.000427104 2.32789e-05 0.000158644 5.12e-08 17.9125
0.000425438 2.08714e-05 0.000158648 4.61073e-08 17.925
0.000432741 3.18582e-05 0.000158656 4.89599e-08 17.9375
0.000433189 3.81373e-05 0.000158665 5.48154e-08 17.95
0.000427406 1.88636e-05 0.00015867 4.66869e-08 17.9625
0.000424173 2.58267e-05 0.000158673 4.67013e-08 17.975
0.000422343 3.73249e-05 0.000158675 5.24007e-08 17.9875
0.000426726 2.55119e-05 0.00015868 4.83509e-08 18
0.000430672 1.79192e-05 0.000158687 4.11087e-08 18.0125
0.000435048 3.16665e-05 0.000158697 4.42589e-08 18.025
0.000434666 2.79757e-05 0.000158707 4.25977e-08 18.0375
0.000433049 2.63409e-05 0.000158715 4.05276e-08 18.05
0.000429895 2.14786e-05 0.000158722 3.55943e-08 18.0625
0.000423735 2.85099e-05 0.000158725 3.57092e-08 18.075
0.000418116 2.24741e-05 0.000158723 3.12674e-08 18.0875
0.000409626 2.45302e-05 0.000158717 2.82328e-08 18.1
0.000399292 1.40638e-05 0.000158704 1.85069e-08 18.1125
0.000398094 2.68296e-05 0.00015869 1.74177e-08 18.125
0.000388887 2.1141e-05 0.00015867 1.2473e-08 18.1375
0.000384825 2.03069e-05 0.000158647 6.80975e-09 18.15
0.000386525 1.8571e-05 0.000158625 -3.1955e-10 18.1625
0.000387974 1.58921e-05 0.000158604 -8.85861e-09 18.175
0.000389451 1.56841e-05 0.000158584 -1.75886e-08 18.1875
0.000391497 1.62854e-05 0.000158565 -2.53555e-08 18.2
0.000396461 2.59647e-05 0.000158549 -2.77874e-08 18.2125
0.000405253 9.85575e-06 0.000158539 -4.03012e-08 18.225
0.000406277 1.39101e-05 0.000158529 -5.06073e-08 18.2375
0.000407098 1.59261e-05 0.000158519 -5.97683e-08 18.25
0.000412093 2.42309e-05 0.000158513 -6.32554e-08 18.2625
0.000414341 2.22826e-05 0.000158508 -6.80638e-08 18.275
0.000416191 1.74592e-05 0.000158504 -7.62685e-08 18.2875
0.000414521 1.71066e-05 0.000158499 -8.49658e-08 18.3
0.000416107 7.46437e-06 0.000158495 -1.00849e-07 18.3125
0.000419848 1.50416e-05 0.000158493 -1.10696e-07 18.325
0.00042191 3.52728e-05 0.000158492 -1.0666e-07 18.3375
0.00042172 2.02517e-05 0.000158491 -1.14304e-07 18.35
0.000423869 8.78042e-06 0.000158492 -1.29271e-07 18.3625
0.000429554 1.91656e-05 0.000158496 -1.36508e-07 18.375
0.000430696 2.97956e-05 0.000158501 -1.40846e-07 18.3875
0.000435081 1.73709e-05 0.000158508 -1.5264e-07 18.4
0.000438183 1.48301e-05 0.000158517 -1.64286e-07 18.4125
0.00044348 3.30104e-05 0.000158529 -1.63996e-07 18.425
0.000444638 1.45725e-05 0.000158541 -1.76086e-07 18.4375
0.000437311 1.83544e-05 0.000158549 -1.84694e-07 18.45
0.000430852 2.6784e-05 0.000158553 -1.87457e-07 18.4625
0.000425074 1.99074e-05 0.000158554 -1.95383e-07 18.475
0.000424086 2.80883e-05 0.000158553 -1.96761e-07 18.4875
0.000421172 1.65185e-05 0.000158551 -2.06796e-07 18.5
0.000420036 2.65571e-05 0.000158547 -2.0892e-07 18.5125
0.000415398 2.75929e-05 0.000158541 -2.11066e-07 18.525
0.000411324 2.02874e-05 0.000158532 -2.18337e-07 18.5375
0.000405754 2.19218e-05 0.000158519 -2.2374e-07 18.55
0.000400186 3.13052e-05 0.000158502 -2.2277e-07 18.5625
0.000393139 2.91731e-05 0.000158481 -2.23876e-07 18.575
0.000388465 2.8049e-05 0.000158457 -2.25872e-07 18.5875
0.000387367 2.88287e-05 0.000158432 -2.2753e-07 18.6
0.000391524 2.45239e-05 0.00015841 -2.30904e-07 18.6125
0.000390289 2.33952e-05 0.000158386 -2.36072e-07 18.625
0.000392014 3.31092e-05 0.000158364 -2.34557e-07 18.6375
0.000395849 3.26341e-05 0.000158344 -2.33552e-07 18.65
0.000400067 3.37539e-05 0.000158327 -2.31909e-07 18.6625
0.0004001 3.13419e-05 0.00015831 -2.31696e-07 18.675
0.000404501 2.55975e-05 0.000158296 -2.35693e-07 18.6875
0.000405586 3.52387e-05 0.000158282 -2.32719e-07 18.7
0.0004058 3.78018e-05 0.000158268 -2.28975e-07 18.7125
0.000410863 3.34415e-05 0.000158259 -2.29159e-07 18.725
0.000415038 2.81873e-05 0.000158251 -2.32031e-07 18.7375
0.000413213 2.9857e-05 0.000158243 -2.33305e-07 18.75
0.000416723 4.34398e-05 0.000158237 -2.26506e-07 18.7625
0.000417747 3.23509e-05 0.000158231 -2.26983e-07 18.775
0.000419412 3.31964e-05 0.000158226 -2.26522e-07 18.7875
0.00042496 3.33504e-05 0.000158225 -2.26533e-07 18.8
0.00042845 2.77411e-05 0.000158227 -2.30429e-07 18.8125
0.000428059 3.8671e-05 0.000158228 -2.26619e-07 18.825
0.000426663 3.26773e-05 0.000158228 -2.27448e-07 18.8375
0.000427112 3.61318e-05 0.000158229 -2.25784e-07 18.85
0.000429312 3.49973e-05 0.000158231 -2.25137e-07 18.8625
0.000430218 3.39667e-05 0.000158233 -2.25428e-07 18.875
0.000435338 3.41578e-05 0.000158239 -2.25342e-07 18.8875
0.000440081 3.38734e-05 0.000158249 -2.25888e-07 18.9
0.000441165 3.94888e-05 0.000158258 -2.22887e-07 18.9125
0.000447682 3.15189e-05 0.000158272 -2.24615e-07 18.925
0.000440351 2.99114e-05 0.000158281 -2.27959e-07 18.9375
0.000429988 3.60195e-05 0.000158283 -2.27255e-07 18.95
0.000422904 3.45553e-05 0.000158282 -2.27661e-07 18.9625
0.000420484 3.45944e-05 0.000158279 -2.28052e-07 18.975
0.000419371 3.09098e-05 0.000158274 -2.30955e-07 18.9875
0.000417162 3.22902e-05 0.000158269 -2.32748e-07 19
0.000414783 3.29287e-05 0.000158261 -2.34235e-07 19.0125
0.000410735 3.65095e-05 0.000158252 -2.33299e-07 19.025
0.000409072 3.44857e-05 0.000158241 -2.34009e-07 19.0375
0.000406127 3.55849e-05 0.000158228 -2.33879e-07 19.05
0.000397534 2.57154e-05 0.00015821 -2.40335e-07 19.0625
0.000399954 3.12101e-05 0.000158193 -2.434e-07 19.075
0.0003942 3.67715e-05 0.000158173 -2.41819e-07 19.0875
0.000390158 3.23057e-05 0.00015815 -2.44178e-07 19.1
0.0003921 2.91311e-05 0.000158128 -2.48603e-07 19.1125
0.000396807 2.92997e-05 0.00015811 -2.52811e-07 19.125
0.000399225 2.94703e-05 0.000158093 -2.56813e-07 19.1375
0.000400729 3.36204e-05 0.000158077 -2.579e-07 19.15
0.0004047 3.30425e-05 0.000158063 -2.59771e-07 19.1625
0.000408429 2.95583e-05 0.000158053 -2.64033e-07 19.175
0.00041104 3.23652e-05 0.000158043 -2.65948e-07 19.1875
0.000409125 3.67667e-05 0.000158033 -2.6587e-07 19.2
0.000411238 2.63014e-05 0.000158024 -2.71463e-07 19.2125
0.000408689 2.93157e-05 0.000158014 -2.75947e-07 19.225
0.000412967 3.37416e-05 0.000158006 -2.77477e-07 19.2375
0.000417421 3.38741e-05 0.000158002 -2.7884e-07 19.25
0.000420467 3.25978e-05 0.000157999 -2.81073e-07 19.2625
0.000421519 3.32128e-05 0.000157997 -2.83039e-07 19.275
0.000422657 2.5588e-05 0.000157996 -2.90282e-07 19.2875
0.000422106 3.43061e-05 0.000157995 -2.91167e-07 19.3
0.000425833 3.64267e-05 0.000157997 -2.9093e-07 19.3125
0.000429545 3.63137e-05 0.000158001 -2.91024e-07 19.325
0.000427461 3.46025e-05 0.000158003 -2.92274e-07 19.3375
0.0004292 3.2194e-05 0.000158007 -2.95296e-07 19.35
0.000436627 3.3836e-05 0.000158016 -2.97015e-07 19.3625
0.00044166 3.41491e-05 0.000158028 -2.98572e-07 19.375
0.000446679 3.38877e-05 0.000158043 -3.00792e-07 19.3875
0.000441048 3.77289e-05 0.000158055 -2.9961e-07 19.4
0.000435787 4.13957e-05 0.000158064 -2.96523e-07 19.4125
0.000432587 3.73089e-05 0.000158071 -2.96564e-07 19.425
0.000429154 3.42754e-05 0.000158075 -2.98344e-07 19.4375
0.0004247 3.6431e-05 0.000158077 -2.98874e-07 19.45
0.000416734 4.25104e-05 0.000158074 -2.95759e-07 19.4625
0.000418049 3.69444e-05 0.000158072 -2.95549e-07 19.475
0.00041634 3.66999e-05 0.000158068 -2.96557e-07 19.4875
0.000416489 4.33602e-05 0.000158065 -2.92866e-07 19.5
0.000415015 4.52708e-05 0.000158061 -2.88218e-07 19.5125
0.000413877 4.15995e-05 0.000158057 -2.86124e-07 19.525
0.000408207 3.89133e-05 0.000158049 -2.8594e-07 19.5375
0.00040107 4.52256e-05 0.000158036 -2.81275e-07 19.55
0.000396507 4.28122e-05 0.00015802 -2.78774e-07 19.5625
0.000396886 4.02356e-05 0.000158005 -2.78087e-07 19.575
0.000393857 4.81627e-05 0.000157988 -2.7178e-07 19.5875
0.000394485 4.52381e-05 0.000157971 -2.67918e-07 19.6
0.000397937 4.79868e-05 0.000157957 -2.61961e-07 19.6125
0.000407148 4.45714e-05 0.000157949 -2.58845e-07 19.625
0.000419658 4.83517e-05 0.000157949 -2.5299e-07 19.6375
0.000425211 5.06194e-05 0.000157952 -2.46047e-07 19.65
0.000422123 4.61772e-05 0.000157953 -2.42277e-07 19.6625
0.00041658 4.12392e-05 0.000157951 -2.4159e-07 19.675
0.000414839 5.44688e-05 0.000157948 -2.32331e-07 19.6875
0.000409086 5.55702e-05 0.000157941 -2.22851e-07 19.7
0.000411392 4.27789e-05 0.000157936 -2.21179e-07 19.7125
0.000411234 4.61596e-05 0.000157931 -2.17854e-07 19.725
0.000415248 4.90381e-05 0.000157928 -2.12829e-07 19.7375
0.000420611 5.29362e-05 0.00015793 -2.0527e-07 19.75
0.000425985 4.7963e-05 0.000157934 -2.00957e-07 19.7625
0.000429162 5.04435e-05 0.000157941 -1.94834e-07 19.775
0.000429321 4.97729e-05 0.000157947 -1.89428e-07 19.7875
0.000429987 4.89174e-05 0.000157954 -1.84861e-07 19.8
0.000429491 4.97014e-05 0.000157961 -1.79482e-07 19.8125
0.000431043 4.57053e-05 0.000157969 -1.76774e-07 19.825
0.000434295 5.2402e-05 0.000157979 -1.65421e-07 19.8375
0.000440628 4.79943e-05 0.000157993 -1.5924e-07 19.85
0.000444817 4.69037e-05 0.000158011 -1.54405e-07 19.8625
0.000444906 4.953e-05 0.000158028 -1.47833e-07 19.875
0.000441316 5.06521e-05 0.000158042 -1.40861e-07 19.8875
0.000435829 5.00301e-05 0.000158053 -1.34529e-07 19.9
0.000427758 4.90526e-05 0.00015806 -1.29834e-07 19.9125
0.000427153 4.51665e-05 0.000158066 -1.26724e-07 19.925
0.00042265 4.60604e-05 0.000158068 -1.24065e-07 19.9375
0.00042383 4.54758e-05 0.000158072 -1.21784e-07 19.95
0.000422817 4.92239e-05 0.000158074 -1.16975e-07 19.9625
0.000420952 4.4682e-05 0.000158076 -1.15392e-07 19.975
0.000417181 4.54507e-05 0.000158075 -1.12996e-07 19.9875
0.000411387 4.51497e-05 0.000158071 -1.1085e-07 20
